367 650 238 808 472 499 366 670 499 531 374 651 259 767 675 351 492 530 
367 651 238 808 472 499 366 670 499 531 374 650 259 767 675 351 492 530 
367 651 238 808 472 499 366 670 499 531 374 650 259 767 675 351 492 530 
368 650 239 810 472 499 366 670 499 531 374 650 259 767 675 351 492 530 
379 646 236 813 471 501 366 669 499 531 376 649 256 767 675 351 492 530 
433 597 222 830 467 507 365 668 497 530 376 650 257 765 675 351 492 530 
481 537 209 845 465 512 366 668 497 530 376 650 256 765 675 351 492 530 
508 513 204 865 465 523 366 668 497 530 375 650 257 765 675 351 492 530 
513 510 207 874 466 528 366 668 497 530 374 650 257 765 676 351 492 530 
516 512 246 893 476 556 363 664 497 529 374 650 256 765 675 351 492 530 
523 520 325 899 498 622 360 660 497 529 372 650 255 765 675 351 492 530 
536 526 399 903 517 701 358 659 495 528 373 650 255 765 675 351 492 530 
546 542 450 905 533 749 359 660 495 528 372 650 255 765 675 351 492 530 
547 569 492 904 541 772 361 660 495 528 371 650 256 765 676 351 492 530 
546 566 481 895 531 756 370 666 495 529 371 651 257 765 677 351 492 530 
542 546 418 856 477 707 373 667 497 529 371 651 257 765 679 351 492 530 
531 526 350 815 416 658 373 667 497 530 371 651 257 765 677 351 492 530 
515 514 291 773 370 619 373 667 497 530 371 651 257 765 676 351 492 530 
502 502 221 728 319 577 373 667 497 531 371 650 257 765 675 351 492 530 
500 494 159 688 291 542 374 667 497 533 371 650 257 765 676 351 492 530 
490 492 129 641 286 501 374 667 496 534 371 650 257 766 677 351 492 530 
482 496 124 613 286 473 372 668 497 536 371 650 257 767 679 351 492 530 
477 499 124 610 286 469 371 667 497 539 371 650 257 768 676 351 492 530 
486 498 136 636 302 481 364 664 496 538 371 650 254 770 675 351 492 530 
500 497 198 702 360 516 359 661 496 538 371 650 253 772 676 351 492 530 
504 499 271 799 410 558 352 659 496 537 368 649 243 772 680 351 492 531 
506 506 342 880 443 592 351 658 495 536 360 649 227 779 682 350 492 532 
515 525 418 897 474 637 351 658 495 536 351 654 209 792 685 346 492 532 
522 534 472 899 499 694 350 658 493 535 338 666 188 811 691 338 492 532 
523 538 504 896 511 699 355 663 490 535 332 685 171 847 700 322 492 531 
516 529 515 862 522 676 363 669 490 538 328 701 152 880 714 303 492 530 
503 515 484 834 515 658 374 676 490 539 332 701 148 885 719 299 493 530 
502 507 402 812 481 638 378 677 492 539 333 699 150 880 719 299 493 530 
506 506 379 805 477 632 375 675 493 538 333 695 152 876 719 299 492 530 
506 512 413 845 498 650 371 670 493 537 333 691 156 874 719 299 492 530 
509 531 467 896 519 679 366 667 491 536 333 687 160 871 719 299 492 530 
511 551 513 898 529 702 366 667 491 535 333 685 164 867 719 299 492 530 
509 553 510 895 525 699 372 669 493 536 333 685 168 865 719 299 492 530 
508 546 461 867 495 672 379 672 495 538 332 685 173 862 719 299 492 530 
508 534 366 807 441 619 380 672 496 538 333 685 177 859 719 299 492 530 
504 526 267 746 393 568 378 674 498 540 333 685 178 856 719 299 492 530 
489 526 173 688 368 522 379 674 501 540 332 685 178 853 719 299 492 530 
469 532 120 635 346 480 380 674 506 544 333 684 179 851 719 299 492 530 
443 541 119 605 332 460 378 672 506 544 333 683 180 848 719 299 492 530 
436 545 121 624 337 464 374 670 506 544 333 680 180 845 719 299 492 530 
437 545 142 677 381 488 370 667 504 543 333 678 182 842 719 299 492 530 
443 544 196 748 441 517 363 663 504 542 333 676 185 840 719 299 492 530 
462 544 275 842 497 550 361 663 504 542 333 675 188 839 719 299 492 530 
470 554 348 898 543 586 359 661 504 541 333 674 190 839 719 299 492 530 
476 560 420 900 572 636 353 660 500 540 333 673 193 839 719 299 492 530 
476 561 455 900 577 664 353 661 500 540 333 673 195 839 719 299 492 530 
475 560 450 899 573 666 359 664 500 540 333 673 196 839 719 299 492 530 
475 555 414 887 563 647 369 670 502 541 333 673 200 838 719 299 492 530 
476 534 341 844 535 608 376 672 504 543 333 673 202 836 719 299 492 530 
478 521 257 791 493 569 376 672 506 543 333 674 204 833 719 300 492 530 
485 513 168 735 445 530 376 672 506 542 333 673 205 831 719 300 492 530 
477 511 118 687 374 486 376 671 505 542 333 673 207 828 719 299 492 530 
475 515 117 647 315 451 375 671 506 542 333 673 210 827 719 299 492 530 
475 518 119 624 306 440 376 671 506 543 333 673 211 827 719 300 492 530 
474 520 121 629 306 449 374 670 508 541 333 673 210 826 719 300 493 530 
480 518 126 664 305 473 372 669 507 541 333 673 210 823 716 299 493 530 
495 518 142 703 303 493 371 668 507 541 333 673 207 822 705 300 495 530 
498 518 156 717 303 494 371 668 506 541 332 673 206 828 689 301 497 531 
498 521 151 696 303 485 375 670 507 541 334 673 206 839 680 302 496 530 
491 524 130 641 301 468 381 674 508 544 341 673 206 851 676 302 495 530 
476 528 126 566 301 457 384 675 511 549 346 674 206 853 676 306 495 530 
463 530 125 521 300 457 384 675 514 553 351 672 206 845 679 312 497 531 
459 528 125 517 301 457 382 674 515 552 351 661 205 823 684 312 505 534 
458 527 127 521 301 459 378 670 514 551 350 654 203 816 687 312 509 534 
458 526 146 553 310 479 373 664 514 549 348 649 194 809 693 311 516 537 
459 533 188 627 327 511 364 656 515 549 342 649 181 811 702 305 521 542 
459 547 226 716 342 535 361 654 515 549 333 648 160 818 716 299 528 547 
453 564 229 796 343 558 362 654 514 548 328 648 148 825 723 293 529 550 
437 573 207 839 324 571 364 654 513 545 330 649 157 817 717 302 529 546 
418 590 201 855 301 586 364 654 513 545 333 650 180 807 698 310 527 545 
390 616 211 862 290 601 364 654 515 547 340 648 204 795 681 319 527 543 
386 631 231 863 287 608 365 654 515 547 351 643 226 777 668 329 527 543 
389 638 239 861 289 610 366 654 516 547 360 637 249 759 656 340 526 543 
406 618 246 862 289 610 366 655 517 547 375 629 267 746 649 345 525 541 
459 563 253 862 290 610 366 654 520 549 396 617 275 746 648 346 525 541 
523 496 250 869 289 612 366 654 521 550 410 613 292 741 637 351 524 541 
568 451 243 870 285 613 371 656 522 552 422 612 312 734 628 358 524 541 
608 411 238 865 285 610 380 658 522 554 436 607 334 720 618 365 524 541 
641 375 231 848 282 610 385 660 524 557 448 599 349 716 613 367 524 541 
684 338 224 836 272 612 385 660 525 557 453 593 355 712 612 366 524 541 
720 305 228 841 274 620 383 659 525 555 452 591 361 705 612 366 523 541 
743 284 233 848 274 632 382 663 525 554 451 591 363 703 613 366 521 541 
748 274 237 852 273 645 382 669 529 555 448 592 363 705 619 363 521 543 
728 297 237 854 272 653 380 671 534 563 444 596 362 708 626 358 522 545 
657 378 240 848 272 652 376 671 541 571 442 599 353 720 630 358 524 550 
564 464 275 809 284 646 376 671 546 576 439 599 332 732 643 351 526 552 
476 549 325 753 305 637 379 671 544 575 430 600 296 749 658 348 526 553 
420 621 384 684 333 613 380 672 539 572 421 601 253 773 680 336 527 555 
409 649 436 620 365 590 380 674 537 571 413 610 223 800 698 319 527 556 
409 652 485 574 399 572 379 674 537 570 395 625 195 823 711 309 527 557 
408 651 508 539 417 561 379 674 531 564 385 633 183 828 717 305 525 554 
408 651 516 525 426 556 378 672 522 557 383 636 183 828 719 305 522 553 
409 651 513 528 425 558 379 674 520 556 382 642 183 832 719 302 519 552 
409 651 513 528 425 558 381 676 518 556 382 647 183 838 719 301 514 548 
419 640 503 539 421 558 380 677 517 556 383 645 185 836 719 300 513 548 
485 587 487 555 420 558 379 675 518 557 389 636 189 828 716 302 516 548 
560 488 472 574 419 558 380 674 518 557 386 638 206 811 709 309 516 548 
561 488 470 577 419 561 380 674 520 558 388 637 213 808 704 310 516 548 
565 472 447 600 409 583 380 674 520 558 393 634 217 808 698 313 516 548 
620 410 431 616 408 604 376 671 520 558 401 624 222 806 695 313 516 548 
710 301 411 634 395 625 376 667 520 558 402 618 223 800 696 312 516 548 
789 211 395 643 379 644 372 656 520 556 401 609 220 799 699 308 516 548 
822 157 404 633 364 655 369 647 519 558 394 603 204 802 708 301 517 552 
827 129 437 596 335 664 368 643 518 557 384 603 182 809 722 292 520 553 
829 116 460 574 290 676 365 639 517 556 374 603 172 809 728 289 520 553 
826 115 471 570 286 676 359 635 514 556 374 608 174 807 724 292 521 553 
826 116 472 569 286 675 368 649 513 555 378 626 183 808 723 301 520 552 
828 120 462 576 280 685 380 666 513 555 383 638 194 813 720 304 517 548 
839 128 408 620 227 720 393 684 513 556 385 655 196 826 725 302 515 548 
839 136 353 668 194 747 414 708 515 558 385 674 190 844 740 298 512 548 
842 141 324 704 180 767 434 722 517 563 385 686 182 859 747 293 509 548 
848 156 304 746 170 785 434 720 520 564 381 685 181 858 745 292 509 548 
848 182 305 770 171 796 434 719 520 564 381 685 182 860 742 292 509 548 
858 190 308 772 171 797 433 718 519 564 382 681 181 860 742 293 510 548 
934 192 312 772 179 798 425 702 520 564 382 670 187 849 732 293 513 550 
1002 199 323 772 185 800 404 677 524 565 378 656 200 832 724 292 515 551 
1023 247 339 768 189 802 373 649 528 567 371 644 204 818 717 290 520 553 
1023 308 356 759 190 802 350 628 528 567 364 632 204 809 708 290 522 554 
1023 346 375 751 190 802 341 619 527 566 362 629 204 807 707 290 523 555 
1023 391 384 751 188 806 336 616 527 566 358 631 202 806 707 290 525 557 
629 458 386 753 187 806 335 616 528 565 358 632 202 807 705 291 526 557 
1023 478 386 755 186 808 340 619 528 565 361 631 203 806 705 292 527 557 
1019 405 392 755 185 806 351 633 528 566 368 633 206 807 707 296 527 557 
897 313 392 762 185 809 375 663 532 567 375 644 207 806 716 302 536 562 
775 286 392 777 185 809 401 693 544 575 378 654 202 809 729 303 544 569 
661 282 389 785 185 809 421 712 550 580 378 667 195 820 738 303 545 570 
554 295 370 792 179 808 427 717 552 580 372 676 189 826 737 303 545 569 
476 319 350 792 178 806 417 705 553 582 371 667 196 823 723 303 545 568 
457 325 332 793 168 807 390 672 552 583 371 641 205 813 708 300 545 567 
459 339 249 812 159 810 362 642 551 582 368 625 211 806 693 299 544 566 
457 368 177 836 166 815 341 621 550 582 363 622 217 804 683 295 543 566 
454 375 180 820 172 810 322 605 550 582 360 617 219 801 680 292 543 566 
453 359 235 735 198 790 310 594 550 582 360 613 224 799 676 289 541 565 
453 333 289 659 219 773 306 589 549 582 360 611 224 798 676 289 540 565 
456 293 281 660 214 778 305 588 548 582 361 606 219 800 676 289 540 564 
452 264 227 730 213 803 306 589 548 583 362 606 211 808 683 283 539 564 
446 255 183 785 214 814 309 589 548 583 363 607 210 810 686 280 539 565 
441 247 194 756 220 796 309 588 550 584 369 609 213 807 687 280 538 564 
444 241 278 668 242 762 319 599 549 581 379 617 222 803 686 284 538 561 
445 241 320 621 249 750 330 618 545 575 385 621 232 793 685 295 536 555 
455 240 312 638 245 772 345 638 533 559 386 623 236 779 687 310 530 550 
466 240 275 700 229 809 360 645 521 547 386 621 242 768 682 321 523 543 
468 247 229 766 219 825 362 645 514 540 391 619 262 753 672 331 517 541 
475 260 216 769 219 815 368 645 512 539 408 611 284 734 663 340 516 540 
524 308 235 746 219 802 371 645 512 538 415 606 298 723 659 342 515 540 
597 385 260 726 226 795 371 650 513 538 416 606 301 730 658 341 512 540 
688 449 293 712 249 793 374 660 513 538 416 605 296 739 658 340 511 540 
777 520 312 709 259 791 378 663 512 538 418 605 285 754 666 337 508 539 
815 557 330 701 261 786 379 660 511 538 419 604 274 759 672 332 508 539 
812 560 314 711 246 792 370 660 513 540 418 604 261 773 680 322 509 541 
799 560 267 775 242 810 362 661 514 543 418 603 247 789 693 308 509 542 
766 567 232 843 243 815 369 669 511 540 417 604 230 792 701 308 510 543 
765 583 244 821 252 790 376 677 504 536 413 602 207 788 714 312 513 545 
801 592 302 721 274 736 374 672 499 531 406 602 202 792 719 311 513 544 
829 592 354 670 290 712 374 668 498 534 406 605 203 800 718 309 513 543 
825 587 336 708 269 733 372 666 504 541 406 612 210 816 714 299 511 542 
792 583 282 822 254 756 371 663 508 547 406 615 209 823 713 298 511 542 
768 591 257 852 252 752 370 663 507 547 408 615 209 818 714 296 511 542 
771 592 262 851 253 752 369 662 507 547 408 615 209 816 714 298 511 542 
772 591 269 848 254 752 371 662 505 545 408 613 210 808 714 302 511 542 
771 526 287 832 253 753 370 663 505 545 411 613 216 800 708 308 511 542 
768 401 303 805 252 754 369 661 505 545 415 609 234 782 695 317 511 542 
771 279 315 773 252 754 369 661 505 545 419 606 257 761 676 332 512 542 
789 219 312 779 247 754 369 659 506 544 419 606 279 737 666 343 513 542 
802 216 313 771 244 752 368 655 507 545 420 606 284 740 668 340 512 542 
803 216 373 696 246 745 366 654 507 545 420 608 265 762 682 327 510 542 
803 216 467 598 246 742 366 654 507 545 417 613 227 803 710 295 507 542 
803 212 546 521 247 745 366 654 506 545 414 620 183 845 740 265 505 542 
820 182 549 513 239 752 363 655 504 545 404 631 165 859 745 262 505 542 
828 178 547 513 230 746 363 656 504 545 393 644 162 858 743 265 506 542 
791 231 555 511 222 746 366 658 502 544 369 663 157 858 736 276 507 542 
715 306 544 511 193 746 366 656 504 544 334 694 152 862 724 292 509 543 
672 356 542 511 177 746 366 658 502 542 314 712 142 870 721 299 509 542 
665 366 542 515 177 754 364 653 502 542 310 717 144 863 711 310 510 542 
664 378 541 524 177 769 366 654 504 542 302 728 156 855 702 314 510 542 
606 415 550 521 209 768 366 655 506 542 281 747 174 840 696 318 510 542 
526 448 551 512 236 760 368 654 510 542 265 765 186 831 689 324 510 542 
513 474 543 517 236 760 368 651 510 542 268 759 190 826 684 328 510 542 
513 486 539 518 229 774 371 652 510 543 275 753 191 825 682 332 511 542 
509 488 490 568 186 828 373 653 510 544 289 739 195 822 683 331 511 542 
510 491 419 639 162 855 371 653 509 544 312 713 198 818 684 329 511 542 
509 499 348 712 162 855 372 653 508 543 335 688 206 809 683 330 511 542 
503 513 321 728 167 844 371 654 507 543 358 668 214 803 681 330 511 541 
488 516 395 642 222 795 372 658 507 544 376 651 222 799 682 330 511 541 
484 520 469 557 276 749 372 658 507 545 388 641 225 795 681 330 511 541 
480 520 514 502 306 718 373 659 507 545 398 629 229 789 677 335 511 541 
476 523 509 506 294 741 373 656 506 544 401 623 230 785 677 335 512 541 
466 525 431 594 239 786 373 656 506 544 403 618 230 784 680 333 512 541 
466 533 342 695 220 792 370 653 506 542 403 614 230 781 683 332 512 541 
465 536 273 765 224 775 370 653 504 542 403 613 229 779 684 332 512 541 
443 565 266 776 240 761 371 654 506 541 392 627 226 785 689 327 511 541 
373 654 265 780 252 746 372 653 506 541 383 643 222 800 689 322 510 541 
327 701 265 780 261 740 373 656 506 543 378 655 214 812 691 320 509 541 
336 660 270 779 263 738 375 662 506 543 379 652 215 807 686 323 509 541 
445 533 278 778 263 737 374 663 506 542 380 651 216 806 676 335 510 541 
558 446 284 778 267 738 374 660 505 542 394 636 214 810 666 343 510 541 
620 395 280 782 264 744 373 660 504 542 415 614 214 808 667 343 510 541 
644 351 283 781 266 744 374 660 504 543 433 595 214 813 665 343 510 539 
690 322 287 782 267 742 374 660 502 543 446 582 217 808 662 346 510 539 
756 259 287 780 275 737 373 660 502 543 448 580 220 807 661 347 510 539 
816 198 289 779 281 735 373 660 502 543 448 581 220 806 665 346 510 539 
825 186 299 768 291 724 374 660 502 543 435 600 225 800 667 342 510 539 
810 221 328 755 304 720 374 660 504 542 395 638 225 793 671 343 510 539 
768 286 363 753 306 723 374 660 504 541 358 671 217 798 673 342 510 539 
707 347 418 742 311 723 374 660 504 540 339 686 201 812 680 341 510 540 
660 402 484 695 326 717 380 667 504 540 335 695 178 838 693 331 509 540 
641 460 537 622 341 695 385 672 505 541 333 707 167 853 701 322 508 540 
636 505 550 592 343 684 390 675 507 543 332 710 165 860 703 315 508 540 
636 508 550 592 343 684 386 670 506 543 332 703 160 858 703 317 509 540 
631 513 554 583 348 674 388 672 506 542 326 711 162 858 708 313 508 540 
578 516 567 540 368 647 389 672 506 542 314 721 152 866 716 306 508 541 
504 532 567 513 385 634 388 671 506 542 305 728 140 877 725 300 508 541 
445 564 565 502 409 620 389 670 506 541 306 723 134 877 729 295 509 542 
423 577 563 494 431 604 389 669 506 542 309 719 132 876 729 295 510 542 
418 583 555 495 434 601 389 668 506 541 310 718 132 877 729 295 510 542 
413 582 538 515 428 611 386 663 506 542 310 718 133 882 728 292 510 541 
418 581 485 589 403 629 383 659 506 543 320 705 136 876 725 291 510 542 
427 581 432 666 388 632 381 655 506 543 333 685 141 862 723 292 516 545 
455 582 435 763 419 652 374 650 506 543 336 666 142 844 725 292 521 548 
475 583 445 856 460 656 370 646 504 541 343 647 142 833 726 293 525 552 
489 582 456 900 495 666 363 639 504 541 346 630 142 820 725 295 528 555 
493 582 457 902 519 693 355 631 504 541 346 624 142 818 724 298 529 555 
490 587 431 895 504 680 368 645 500 539 354 632 148 823 726 300 525 550 
490 579 373 855 460 625 383 679 491 529 369 651 159 836 729 300 512 536 
490 562 310 819 406 577 404 704 482 524 378 669 165 844 733 300 498 524 
491 534 259 793 359 547 422 722 473 517 383 681 166 852 735 300 486 514 
485 513 216 763 326 522 432 731 464 511 383 686 165 856 736 302 477 510 
469 490 179 740 314 504 432 731 458 506 383 685 165 856 733 305 474 506 
455 444 149 727 310 499 432 733 456 503 385 683 168 853 730 309 472 503 
451 380 141 724 308 501 433 735 453 501 385 679 167 852 731 310 472 503 
438 313 142 730 308 502 433 735 452 501 385 676 165 851 735 310 472 507 
441 245 142 755 309 514 433 735 451 500 385 672 160 851 736 309 473 507 
442 192 142 782 308 526 433 733 451 501 385 673 160 854 736 308 473 507 
443 162 142 795 308 529 430 730 453 502 385 673 162 855 734 306 473 507 
444 146 141 797 306 529 427 724 457 503 382 673 162 853 735 305 475 509 
451 155 133 799 300 529 421 716 458 503 376 674 160 851 733 304 475 509 
462 204 128 795 292 527 408 704 464 508 371 671 160 854 728 300 478 510 
465 225 125 788 281 528 393 686 473 513 366 667 160 858 725 293 481 511 
465 237 126 826 277 572 389 679 473 513 365 664 156 864 725 290 483 511 
464 228 133 861 274 634 386 677 477 515 365 668 156 870 725 285 483 511 
464 225 138 847 252 676 382 672 481 520 365 669 157 874 723 282 483 511 
462 221 146 819 237 716 381 669 483 521 365 671 157 876 723 281 483 510 
460 219 154 801 230 759 379 668 484 522 365 673 157 878 723 279 483 510 
460 234 157 782 227 797 376 663 488 524 362 676 156 880 723 276 483 511 
462 266 155 768 227 806 371 658 488 523 354 676 150 880 723 275 483 511 
462 304 155 767 230 815 365 650 488 523 349 676 149 880 721 275 486 513 
463 341 155 765 230 818 360 643 490 524 346 674 149 877 719 272 488 515 
