367 0 10.339000 650 0 10.323000 238 0 10.288000 808 0 10.373000 472 0 10.342000 499 0 10.254000 366 0 10.292000 670 0 10.364000 499 0 10.276000 531 0 10.258000 374 0 10.355000 651 0 10.260000 259 0 10.282000 767 0 10.301000 675 0 10.274000 351 0 10.272000 492 0 10.214000 530 0 10.208000 
367 0 60.463013 651 0 10.243000 238 0 10.230000 808 0 10.316000 472 0 10.234000 499 0 10.325000 366 0 10.316000 670 0 10.225000 499 0 10.307000 531 0 10.304000 374 0 10.249000 650 0 10.269000 259 0 10.425000 767 0 10.294000 675 0 10.353000 351 0 10.416000 492 0 10.307000 530 0 10.315000 
367 0 60.483002 651 0 10.370000 238 0 10.303000 808 0 10.213000 472 0 10.223000 499 0 10.263000 366 0 10.221000 670 0 10.261000 499 0 10.238000 531 0 10.236000 374 0 10.270000 650 1028 10.330000 259 0 10.242000 767 0 10.230000 675 0 10.281000 351 0 10.222000 492 0 10.230000 530 0 10.311000 
368 0 60.459000 650 0 10.304000 239 0 10.288000 810 8 10.220000 472 0 10.316000 499 0 10.310000 366 0 10.228000 670 0 10.288000 499 0 10.283000 531 0 10.293000 374 0 10.346000 650 1028 10.340000 259 0 10.278000 767 0 10.333000 675 0 10.361000 351 0 10.322000 492 0 10.386000 530 0 10.369000 
379 12 60.542000 646 8 10.418000 236 1028 10.346000 813 0 10.292000 471 1028 10.352000 501 4 10.385000 366 0 10.444000 669 1028 10.350000 499 1028 10.336000 531 0 10.313000 376 8 10.290000 649 1032 10.383000 256 1028 10.310000 767 0 10.287000 675 0 10.337000 351 0 10.302000 492 0 10.295000 530 0 10.266000 
433 108 60.396999 597 1132 10.275000 222 1056 10.171021 830 32 10.213000 467 1028 10.191000 507 12 10.263000 365 0 10.245000 668 1028 10.236000 497 0 10.218000 530 0 10.205000 376 0 10.188000 650 4 10.289000 257 0 10.290000 765 0 10.344000 675 0 10.396000 351 0 10.315000 492 0 10.278000 530 0 10.314000 
481 84 60.563000 537 1140 10.358000 209 1040 10.355000 845 28 10.315000 465 0 10.271000 512 12 10.257000 366 4 10.226000 668 0 10.231000 497 0 10.360000 530 0 10.216000 376 0 10.262000 650 0 10.261000 256 0 10.232000 765 0 10.293000 675 0 10.354000 351 0 10.312000 492 0 10.312000 530 0 10.414000 
508 52 60.499001 513 1088 10.304000 204 1040 10.381000 865 44 10.266000 465 0 10.340000 523 20 10.415000 366 0 10.275000 668 0 10.313000 497 0 10.381000 530 0 10.283000 375 1028 10.292000 650 0 10.398000 257 0 10.261000 765 0 10.297000 675 0 10.324000 351 0 10.240000 492 0 10.311000 530 0 10.301000 
513 8 60.430000 510 1032 10.308000 207 8 10.209000 874 12 10.220000 466 0 10.256000 528 12 10.277000 366 0 10.239000 668 0 10.266000 497 0 10.287000 530 0 10.218000 374 0 10.273000 650 0 10.273000 257 0 10.226000 765 0 10.225000 676 4 10.329000 351 0 10.216000 492 0 10.295000 530 0 10.269000 
516 8 60.466000 512 0 10.291000 246 72 10.248000 893 40 10.227000 476 12 10.309000 556 48 10.284000 363 1036 10.242000 664 1032 10.223000 497 0 10.244995 529 1028 10.212000 374 0 10.243000 650 1028 10.284000 256 1028 10.210000 765 0 10.282000 675 0 10.289000 351 0 10.215000 492 0 10.274000 530 0 10.266000 
523 16 60.396999 520 20 10.323000 325 168 10.259000 899 16 10.219000 498 48 10.270000 622 140 10.340000 360 1028 10.250000 660 1036 10.236000 497 0 10.299000 529 0 10.318000 372 0 10.307000 650 0 10.395000 255 0 10.286000 765 0 10.287000 675 0 10.344000 351 0 10.278000 492 0 10.310000 530 0 10.389000 
536 24 60.529999 526 16 10.265000 399 136 10.283000 903 4 10.250000 517 36 10.193000 701 152 10.294000 358 1032 10.214000 659 1028 10.260000 495 1028 10.299000 528 0 10.204000 373 0 10.203000 650 0 10.232000 255 0 10.214000 765 0 10.258000 675 0 10.291000 351 0 10.227000 492 0 10.220000 530 0 10.264000 
546 28 60.372002 542 28 10.296000 450 104 10.361000 905 4 10.241000 533 28 10.308000 749 92 10.309000 359 0 10.237000 660 0 10.205000 495 0 10.291000 528 0 10.247000 372 0 10.209000 650 0 10.337000 255 0 10.270000 765 0 10.177000 675 0 10.270000 351 0 10.233000 492 0 10.248000 530 0 10.311000 
547 4 60.424000 569 68 10.292000 492 100 10.347000 904 0 10.336000 541 28 10.260000 772 60 10.268000 361 4 10.398000 660 0 10.260000 495 0 10.260000 528 0 10.285000 371 0 10.267000 650 0 10.224000 256 0 10.320000 765 0 10.258000 676 0 10.390015 351 0 10.341000 492 0 10.309000 530 0 10.281000 
546 0 60.466000 566 1028 10.282000 481 1048 10.344000 895 1032 10.268000 531 1032 10.234000 756 1048 10.304000 370 24 10.281000 666 8 10.294000 495 0 10.414000 529 4 10.294000 371 0 10.335000 651 4 10.342000 257 4 10.304000 765 0 10.326000 677 0 10.314000 351 0 10.299000 492 0 10.228000 530 0 10.273000 
542 1032 60.477001 546 1068 10.260000 418 1164 10.316000 856 1100 10.231000 477 1144 10.208000 707 1132 10.251000 373 12 10.257000 667 4 10.244000 497 0 10.339000 529 0 10.194000 371 0 10.271000 651 0 10.310000 257 0 10.226000 765 0 10.271000 679 0 10.326000 351 0 10.238000 492 0 10.307000 530 0 10.293000 
531 1048 60.445000 526 1064 10.241000 350 1168 10.270000 815 1108 10.211000 416 1148 10.276000 658 1116 10.237000 373 0 10.235000 667 0 10.220000 497 0 10.337000 530 0 10.267000 371 0 10.256000 651 0 10.346000 257 0 10.248000 765 0 10.238000 677 0 10.263000 351 0 10.291000 492 0 10.295000 530 0 10.268000 
515 1052 60.428001 514 1052 10.326000 291 1144 10.226000 773 1112 10.215000 370 1108 10.274000 619 1100 10.184000 373 0 10.235000 667 0 10.239000 497 0 10.327000 530 0 10.207000 371 0 10.209000 651 0 10.252000 257 0 10.230000 765 0 10.293000 676 1028 10.269000 351 0 10.281000 492 0 10.373000 530 0 10.259000 
502 1056 60.479004 502 1056 10.315000 221 1168 10.303000 728 1116 10.269000 319 1124 10.321000 577 1116 10.283000 373 0 10.296000 667 0 10.322000 497 0 10.256000 531 4 10.193000 371 0 10.182000 650 0 10.159000 257 0 10.221000 765 0 10.209000 675 1028 10.251000 351 0 10.199000 492 0 10.210000 530 0 10.316000 
500 1028 60.353001 494 1040 10.282000 159 1148 10.284000 688 1096 10.229000 291 1088 10.243000 542 1096 10.283000 374 0 10.257000 667 0 10.211000 497 0 10.240000 533 4 10.258000 371 0 10.267000 650 0 10.302000 257 0 10.233000 765 0 10.279000 676 4 10.288000 351 0 10.231000 492 0 10.301000 530 0 10.280000 
490 1048 60.452000 492 1028 10.213000 129 1072 10.285000 641 1116 10.232000 286 1028 10.219000 501 1112 10.324000 374 1028 10.228000 667 0 10.246000 496 0 10.306000 534 4 10.209000 371 0 10.233000 650 0 10.217000 257 0 10.222000 766 4 10.266000 677 4 10.274000 351 0 10.209000 492 0 10.258000 530 0 10.246000 
482 1036 60.355999 496 0 10.265000 124 1040 10.293000 613 1076 10.230000 286 0 10.299000 473 1080 10.265000 372 1028 10.224000 668 4 10.204000 497 4 10.251000 536 4 10.207000 371 0 10.286000 650 0 10.285000 257 0 10.273000 767 4 10.331000 679 0 10.289000 351 0 10.322000 492 0 10.321000 530 0 10.371000 
477 1044 60.595001 499 12 10.358000 124 0 10.406000 610 8 10.328003 286 0 10.248000 469 1044 10.331000 371 1028 10.253000 667 0 10.260000 497 0 10.284000 539 4 10.269000 371 0 10.289000 650 0 10.288000 257 0 10.273000 768 1028 10.309000 676 0 10.284000 351 0 10.296000 492 0 10.251000 530 0 10.289000 
486 20 60.544998 498 0 10.384000 136 16 10.299000 636 40 10.338000 302 16 10.369000 481 24 10.529000 364 1032 10.304000 664 1028 10.285000 496 0 10.262000 538 1028 10.270000 371 0 10.315000 650 0 10.274000 254 1028 10.247000 770 0 10.240000 675 0 10.316000 351 0 10.207000 492 0 10.283000 530 0 10.337000 
500 32 60.327999 497 0 10.229000 198 140 10.347000 702 124 10.339000 360 112 10.249000 516 72 10.312000 359 1032 10.259000 661 1032 10.226000 496 0 10.249000 538 0 10.329000 371 0 10.249000 650 0 10.246000 253 0 10.272000 772 8 10.227000 676 4 10.268000 351 0 10.224000 492 0 10.212000 530 0 10.307000 
504 8 60.441002 499 8 10.291000 271 148 10.290000 799 200 10.195000 410 100 10.231000 558 88 10.288000 352 1040 10.248000 659 1028 10.243000 496 0 10.274000 537 0 10.256000 368 1028 10.231000 649 1028 10.246000 243 1040 10.239000 772 0 10.227000 680 8 10.364000 351 0 10.264000 492 0 10.366000 531 0 10.324000 
506 0 60.429001 506 4 10.291000 342 140 10.264000 880 156 10.195000 443 68 10.261000 592 68 10.286000 351 0 10.234000 658 0 10.239000 495 0 10.309021 536 0 10.213000 360 1040 10.221000 649 0 10.258000 227 1056 10.258000 779 16 10.238000 682 4 10.291000 350 1028 10.205000 492 0 10.268000 532 4 10.237000 
515 20 60.459999 525 44 10.279000 418 160 10.374000 897 16 10.251000 474 68 10.243000 637 84 10.274000 351 1028 10.190000 658 0 10.238000 495 0 10.185000 536 0 10.193000 351 1040 10.201000 654 8 10.245000 209 1064 10.215000 792 20 10.202000 685 4 10.233000 346 1036 10.218000 492 0 10.268000 532 0 10.285000 
522 12 60.405998 534 28 10.383000 472 116 10.286000 899 8 10.243000 499 56 10.287000 694 116 10.365000 350 0 10.438000 658 4 10.305000 493 0 10.382000 535 1028 10.254000 338 1052 10.304000 666 20 10.312000 188 1064 10.303000 811 36 10.288000 691 4 10.400000 338 1032 10.259000 492 0 10.272000 532 0 10.382000 
523 0 60.409000 538 12 10.374000 504 56 10.369000 896 1028 10.274000 511 24 10.333000 699 0 10.348000 355 12 10.292000 663 8 10.340000 490 1028 10.297000 535 0 10.275000 332 1032 10.255000 685 44 10.408000 171 1056 10.293000 847 72 10.258000 700 16 10.314000 322 1060 10.310000 492 0 10.270000 531 1028 10.414000 
516 1044 60.507999 529 1044 10.369000 515 24 10.379000 862 1104 10.298000 522 20 10.255000 676 1076 10.414000 363 20 10.253000 669 8 10.284000 490 4 10.335000 538 4 10.270000 328 1036 10.312000 701 32 10.301000 152 1064 10.248000 880 72 10.214000 714 28 10.331970 303 1060 10.229000 492 0 10.219000 530 0 10.285000 
503 1044 60.459999 515 1056 10.287000 484 1052 10.249000 834 1068 10.216000 515 1044 10.205000 658 1052 10.274000 374 24 10.226000 676 16 10.278000 490 1028 10.276000 539 4 10.223000 332 12 10.270000 701 4 10.303000 148 1028 10.229000 885 24 10.186000 719 12 10.301000 299 1028 10.214000 493 0 10.228000 530 0 10.261000 
502 1028 60.375999 507 1044 10.339000 402 1204 10.280000 812 1064 10.220000 481 1092 10.213000 638 1064 10.319000 378 4 10.216000 677 0 10.282000 492 8 10.286000 539 0 10.205000 333 0 10.220000 699 1032 10.303000 150 4 10.212000 880 1040 10.268000 719 0 10.243000 299 0 10.252000 493 0 10.344000 530 0 10.348000 
506 0 60.513000 506 1028 10.379000 379 1072 10.331000 805 1056 10.279000 477 1048 10.310000 632 1040 10.326000 375 1032 10.231000 675 0 10.257000 493 0 10.372000 538 0 10.266000 333 0 10.259000 695 1032 10.337000 152 4 10.196000 876 1028 10.245000 719 1028 10.327000 299 0 10.224000 492 0 10.237000 530 0 10.299000 
506 4 60.426998 512 8 10.308000 413 80 10.241000 845 72 10.205000 498 48 10.245000 650 40 10.284000 371 1032 10.227000 670 1028 10.271000 493 4 10.313000 537 1028 10.213000 333 0 10.279000 691 1032 10.323000 156 0 10.209000 874 1028 10.267000 719 0 10.336000 299 0 10.231000 492 0 10.264000 530 0 10.204000 
509 4 60.432007 531 52 10.280000 467 108 10.218000 896 116 10.197000 519 44 10.297000 679 64 10.291000 366 1036 10.240000 667 1032 10.273000 491 1032 10.281000 536 1028 10.243000 333 0 10.283000 687 1032 10.285000 160 12 10.219000 871 1028 10.278000 719 0 10.262000 299 0 10.230000 492 0 10.298000 530 0 10.418000 
511 12 60.566002 551 48 10.283000 513 116 10.252000 898 0 10.324000 529 12 10.249000 702 56 10.216000 366 0 10.314000 667 0 10.242000 491 0 10.253000 535 0 10.250000 333 0 10.207000 685 1028 10.257000 164 8 10.428000 867 1028 10.252000 719 0 10.300000 299 0 10.398000 492 0 10.279000 530 0 10.274000 
509 4 60.584999 553 4 10.305000 510 1032 10.372000 895 0 10.226000 525 1036 10.269000 699 0 10.286000 372 12 10.243000 669 8 10.250000 493 8 10.293000 536 0 10.289000 333 0 10.289000 685 0 10.252000 168 8 10.265000 865 1028 10.288000 719 0 10.322000 299 0 10.268000 492 0 10.310000 530 0 10.396000 
508 1028 60.393002 546 1036 10.362000 461 1128 10.343000 867 1064 10.219000 495 1076 10.341000 672 1076 10.380000 379 12 10.261000 672 4 10.272000 495 4 10.353000 538 8 10.195000 332 1028 10.190000 685 0 10.283000 173 8 10.314000 862 1032 10.237000 719 0 10.278000 299 0 10.328000 492 0 10.249000 530 0 10.275000 
508 0 60.487999 534 1048 10.365000 366 1228 10.280000 807 1148 10.333008 441 1140 10.274000 619 1128 10.276000 380 8 10.312000 672 0 10.260000 496 4 10.404000 538 0 10.286000 333 0 10.346000 685 0 10.356000 177 4 10.249000 859 1032 10.288000 719 0 10.267000 299 0 10.220000 492 0 10.219000 530 0 10.333000 
504 1032 60.534000 526 1040 10.351000 267 1224 10.269000 746 1148 10.273000 393 1116 10.336000 568 1132 10.427000 378 1028 10.273000 674 4 10.297000 498 4 10.302000 540 4 10.259000 333 4 10.227000 685 0 10.267000 178 4 10.234000 856 1028 10.245000 719 0 10.289000 299 0 10.250000 492 0 10.261000 530 0 10.357000 
489 1048 60.560001 526 0 10.243000 173 1220 10.270000 688 1136 10.388000 368 1060 10.239000 522 1124 10.280000 379 4 10.360000 674 0 10.271000 501 8 10.259000 540 0 10.317000 332 1028 10.265000 685 0 10.273000 178 0 10.347000 853 1032 10.295000 719 0 10.338000 299 0 10.340000 492 0 10.288000 530 0 10.266000 
469 1048 60.539001 532 16 10.361000 120 1152 10.269000 635 1132 10.266000 346 1064 10.332000 480 1112 10.347000 380 0 10.271000 674 0 10.271000 506 8 10.327000 544 12 10.311000 333 0 10.305000 684 0 10.409000 179 0 10.325000 851 1032 10.287000 719 0 10.318000 299 0 10.288000 492 0 10.268000 530 0 10.363000 
443 1080 60.580002 541 16 10.339000 119 0 10.330000 605 1096 10.244000 332 1052 10.251000 460 1072 10.315000 378 1032 10.432000 672 1028 10.310000 506 0 10.392029 544 1028 10.268000 333 0 10.192000 683 1028 10.318000 180 4 10.314000 848 1032 10.194000 719 0 10.299000 299 0 10.264000 492 0 10.312000 530 0 10.278000 
436 1036 60.478001 545 0 10.277000 121 4 10.296000 624 40 10.218000 337 4 10.302000 464 16 10.290000 374 1028 10.217000 670 1028 10.206000 506 0 10.298000 544 0 10.224000 333 0 10.279000 680 1028 10.310000 180 0 10.223000 845 1028 10.272000 719 0 10.265000 299 0 10.253000 492 0 10.270000 530 0 10.300000 
437 8 60.228001 545 4 10.178000 142 24 10.240000 677 112 10.205000 381 96 10.295000 488 52 10.305000 370 1036 10.236000 667 1032 10.287000 504 1028 10.286000 543 0 10.235000 333 0 10.222000 678 1028 10.292000 182 4 10.211000 842 1032 10.287000 719 0 10.277000 299 0 10.209000 492 0 10.248000 530 0 10.305000 
443 8 60.419998 544 0 10.264000 196 100 10.226000 748 156 10.241000 441 128 10.247000 517 60 10.238000 363 1036 10.212000 663 0 10.306000 504 0 10.222000 542 0 10.305000 333 0 10.318000 676 0 10.308000 185 4 10.257000 840 1028 10.371000 719 0 10.283000 299 0 10.258000 492 0 10.302000 530 0 10.294000 
462 40 60.501999 544 1028 10.230000 275 160 10.223000 842 180 10.261000 497 120 10.186000 550 72 10.248000 361 1028 10.231000 663 0 10.267000 504 0 10.298000 542 0 10.218000 333 0 10.274000 675 0 10.279000 188 4 10.209000 839 1028 10.178000 719 0 10.328979 299 0 10.204000 492 0 10.232000 530 0 10.325000 
470 16 60.452000 554 24 10.334000 348 140 10.301000 898 156 10.230000 543 100 10.281000 586 80 10.326000 359 0 10.252000 661 1028 10.260000 504 0 10.278000 541 1028 10.212000 333 0 10.218000 674 1028 10.314000 190 4 10.233000 839 0 10.243000 719 0 10.329000 299 0 10.228000 492 0 10.269000 530 0 10.307000 
476 8 60.480999 560 12 10.384000 420 144 10.384000 900 4 10.277000 572 64 10.361000 636 104 10.338000 353 1036 10.271000 660 0 10.280000 500 1032 10.440000 540 0 10.314000 333 0 10.287000 673 1028 10.337000 193 4 10.275000 839 0 10.279000 719 0 10.326000 299 0 10.248000 492 0 10.312000 530 0 10.342000 
476 0 60.533001 561 0 10.355000 455 96 10.334000 900 0 10.274000 577 0 10.292000 664 48 10.368000 353 0 10.257000 661 4 10.262000 500 0 10.295000 540 0 10.214000 333 0 10.208000 673 0 10.276000 195 4 10.300000 839 0 10.309000 719 0 10.341000 299 0 10.296000 492 0 10.281000 530 0 10.362000 
475 0 60.486000 560 0 10.283000 450 1040 10.366000 899 1028 10.284000 573 1036 10.314000 666 16 10.338000 359 4 10.259000 664 4 10.270000 500 0 10.344000 540 0 10.242000 333 0 10.267000 673 0 10.307000 196 4 10.229000 839 0 10.273000 719 0 10.396000 299 0 10.308000 492 0 10.239000 530 0 10.242000 
475 0 60.458984 555 1032 10.322000 414 1104 10.410000 887 1040 10.298000 563 1036 10.310000 647 1056 10.384000 369 24 10.288000 670 12 10.348000 502 0 10.375000 541 0 10.322000 333 0 10.256000 673 0 10.407000 200 4 10.303000 838 0 10.288000 719 0 10.303000 299 0 10.311000 492 0 10.290000 530 0 10.415000 
476 0 60.532001 534 1068 10.415000 341 1176 10.365000 844 1112 10.334000 535 1084 10.251000 608 1100 10.351000 376 16 10.230000 672 4 10.238000 504 4 10.258000 543 4 10.218000 333 0 10.289000 673 0 10.307000 202 4 10.271000 836 1032 10.255000 719 0 10.293000 299 0 10.229000 492 0 10.210000 530 0 10.252000 
478 4 60.513000 521 1056 10.336000 257 1188 10.325000 791 1132 10.306000 493 1112 10.238000 569 1108 10.294000 376 0 10.227000 672 1028 10.253000 506 4 10.360000 543 1028 10.226000 333 0 10.270000 674 8 10.264000 204 4 10.246000 833 1028 10.250000 719 0 10.359000 300 4 10.224000 492 0 10.253000 530 0 10.329000 
485 16 60.443001 513 1048 10.317000 168 1208 10.315000 735 1132 10.235000 445 1120 10.285000 530 1104 10.282000 376 0 10.245000 672 1028 10.309000 506 0 10.299000 542 1028 10.251000 333 0 10.276000 673 1028 10.416000 205 4 10.259000 831 1028 10.342000 719 0 10.369000 300 0 10.269000 492 0 10.343000 530 0 10.368000 
477 1032 60.555000 511 1028 10.368000 118 1160 10.301000 687 1128 10.325989 374 1156 10.308000 486 1112 10.311000 376 0 10.376000 671 1028 10.259000 505 0 10.370000 542 0 10.262000 333 0 10.275000 673 0 10.337000 207 4 10.221000 828 1032 10.274000 719 0 10.365000 299 0 10.218000 492 0 10.209000 530 0 10.266000 
475 1032 60.411999 515 12 10.291000 117 1028 10.296000 647 1108 10.227000 315 1160 10.275000 451 1104 10.288000 375 0 10.231000 671 0 10.264000 506 0 10.228000 542 0 10.212000 333 0 10.246000 673 0 10.419000 210 8 10.265000 827 0 10.281000 719 0 10.320000 299 0 10.244000 492 0 10.279000 530 0 10.366000 
475 0 60.480999 518 4 10.349000 119 4 10.309000 624 1072 10.282000 306 1040 10.294000 440 1044 10.420000 376 4 10.265000 671 0 10.259000 506 0 10.394000 543 0 10.246000 333 0 10.307000 673 0 10.306000 211 4 10.319000 827 0 10.357000 719 0 10.353000 300 1028 10.255000 492 0 10.286000 530 0 10.300000 
474 1028 60.394001 520 1028 10.205000 121 8 10.229000 629 16 10.325000 306 4 10.202000 449 28 10.252000 374 0 10.250000 670 1028 10.193000 508 12 10.267000 541 1028 10.274000 333 0 10.211000 673 0 10.333000 210 1028 10.299000 826 1028 10.198000 719 0 10.226000 300 4 10.329000 493 0 10.190000 530 0 10.253000 
480 12 60.458000 518 1028 10.293000 126 4 10.306000 664 72 10.212000 305 1028 10.293000 473 40 10.290000 372 1028 10.249000 669 1028 10.245000 507 0 10.323975 541 0 10.236000 333 0 10.261000 673 0 10.318000 210 0 10.281000 823 1028 10.233000 716 0 10.271000 299 0 10.295000 493 0 10.273000 530 0 10.319000 
495 28 60.229000 518 0 10.147000 142 36 10.275000 703 84 10.205000 303 1032 10.273000 493 48 10.329000 371 1028 10.257000 668 0 10.200000 507 0 10.226000 541 0 10.213000 333 0 10.208000 673 0 10.228000 207 1028 10.245000 822 1028 10.222000 705 1040 10.322000 300 0 10.207000 495 4 10.267000 530 0 10.269000 
498 8 60.542000 518 0 10.352000 156 28 10.268000 717 40 10.317000 303 0 10.247000 494 4 10.307000 371 0 10.245000 668 0 10.210000 506 0 10.277000 541 0 10.222000 332 0 10.281000 673 0 10.297000 206 1028 10.208000 828 12 10.182000 689 1060 10.299000 301 0 10.219000 497 8 10.216000 531 4 10.323000 
498 0 60.462002 521 4 10.372000 151 1040 10.280000 696 1056 10.252000 303 0 10.276000 485 1044 10.299000 375 8 10.304000 670 4 10.306000 507 0 10.331000 541 0 10.281000 334 4 10.244000 673 0 10.347000 206 0 10.237000 839 20 10.306000 680 1040 10.304000 302 4 10.226000 496 0 10.240000 530 0 10.336000 
491 1036 60.488998 524 8 10.358000 130 1060 10.250000 641 1136 10.233000 301 1028 10.230000 468 1064 10.382000 381 12 10.243000 674 8 10.226000 508 0 10.322000 544 8 10.213000 341 12 10.215000 673 0 10.252000 206 0 10.202000 851 28 10.203000 676 1032 10.234009 302 0 10.226000 495 1028 10.271000 530 0 10.292000 
476 1052 60.366001 528 12 10.287000 126 1040 10.276000 566 1172 10.211000 301 0 10.268000 457 1056 10.265000 384 4 10.244000 675 4 10.244000 511 8 10.326000 549 4 10.258000 346 12 10.251000 674 4 10.258000 206 0 10.256000 853 4 10.318000 676 0 10.367000 306 8 10.346000 495 0 10.275000 530 0 10.323000 
463 1056 60.544998 530 0 10.387000 125 0 10.350000 521 1144 10.274000 300 1028 10.252000 457 0 10.285000 384 0 10.242000 675 0 10.230000 514 4 10.314000 553 8 10.253000 351 12 10.218000 672 1028 10.398000 206 0 10.274000 845 1040 10.291000 679 0 10.360000 312 16 10.283000 497 8 10.259000 531 4 10.407000 
459 1032 60.591000 528 1032 10.370000 125 0 10.359000 517 1044 10.273000 301 0 10.282000 457 0 10.376000 382 1032 10.252000 674 1028 10.288000 515 4 10.272000 552 1028 10.253000 351 1028 10.232000 661 1044 10.299000 205 0 10.255000 823 1072 10.224000 684 8 10.312000 312 0 10.300000 505 12 10.329000 534 8 10.337000 
458 1028 60.556999 527 0 10.341000 127 0 10.370000 521 4 10.311000 301 0 10.320000 459 4 10.380000 378 1036 10.262000 670 0 10.240000 514 0 10.284000 551 0 10.227000 350 0 10.236000 654 1048 10.335000 203 1028 10.212000 816 1032 10.290000 687 4 10.374000 312 0 10.274000 509 12 10.242000 534 0 10.395000 
458 0 60.400024 526 0 10.307000 146 20 10.414000 553 64 10.254000 310 20 10.217000 479 60 10.240000 373 1036 10.201000 664 1036 10.179000 514 0 10.226000 549 1028 10.214000 348 0 10.224000 649 1036 10.260000 194 1040 10.233000 809 1036 10.201000 693 12 10.281000 311 0 10.219000 516 16 10.223000 537 4 10.239000 
459 0 60.438000 533 0 10.272000 188 84 10.213000 627 160 10.247000 327 32 10.244000 511 68 10.285000 364 1040 10.198000 656 1036 10.234000 515 4 10.303000 549 0 10.205000 342 1036 10.234000 649 0 10.257000 181 1052 10.263000 811 4 10.194000 702 16 10.243000 305 1036 10.213000 521 12 10.279000 542 8 10.251000 
459 4 60.313999 547 36 10.240000 226 80 10.280000 716 176 10.275000 342 36 10.260000 535 52 10.333000 361 1028 10.279000 654 1028 10.226000 515 0 10.315000 549 0 10.287000 333 1044 10.262000 648 1032 10.270000 160 1056 10.193000 818 12 10.183000 716 28 10.215000 299 1036 10.198000 528 12 10.238000 547 8 10.221000 
453 1044 60.424999 564 40 10.329000 229 0 10.289000 796 168 10.230000 343 4 10.217000 558 48 10.333000 362 0 10.245000 654 0 10.285000 514 1028 10.282000 548 0 10.287000 328 1032 10.294000 648 4 10.357000 148 1060 10.253000 825 8 10.337000 723 20 10.303000 293 1036 10.290000 529 4 10.322000 550 8 10.363000 
437 1060 60.549000 573 20 10.337000 207 1076 10.234000 839 80 10.213989 324 1064 10.284000 571 20 10.293000 364 8 10.223000 654 0 10.276000 513 0 10.331000 545 1032 10.262000 330 0 10.250000 649 4 10.276000 157 12 10.242000 817 1036 10.220000 717 1044 10.293000 302 16 10.233000 529 0 10.326000 546 1028 10.254000 
418 1068 60.465000 590 20 10.306000 201 1056 10.238000 855 36 10.196000 301 1064 10.268000 586 28 10.328000 364 0 10.236000 654 0 10.259000 513 0 10.268000 545 0 10.244000 333 8 10.249000 650 4 10.384000 180 48 10.262000 807 1040 10.271000 698 1060 10.324000 310 16 10.310000 527 0 10.273000 545 0 10.409000 
390 1080 60.564999 616 56 10.328000 211 24 10.377000 862 4 10.291000 290 1044 10.266000 601 36 10.413000 364 0 10.489000 654 0 10.310000 515 4 10.412000 547 0 10.317000 340 12 10.250000 648 1028 10.303000 204 48 10.290000 795 1044 10.242000 681 1060 10.406000 319 16 10.308000 527 0 10.321000 543 1028 10.362000 
386 1040 60.514000 631 32 10.348000 231 48 10.383000 863 0 10.246000 287 1028 10.311000 608 16 10.382000 365 4 10.261000 654 0 10.293000 515 0 10.297000 547 0 10.267000 351 28 10.271000 643 1032 10.298000 226 40 10.301000 777 1060 10.273000 668 1044 10.303000 329 20 10.272000 527 0 10.336000 543 0 10.389000 
389 4 60.563999 638 8 10.316000 239 16 10.379000 861 0 10.323000 289 0 10.264000 610 4 10.404000 366 0 10.297000 654 0 10.296000 516 0 10.331000 547 0 10.294983 360 20 10.319000 637 1036 10.380000 249 44 10.285000 759 1056 10.301000 656 1052 10.357000 340 24 10.301000 526 1028 10.268000 543 0 10.312000 
406 40 60.460999 618 1076 10.313000 246 12 10.312000 862 1028 10.241000 289 0 10.284000 610 0 10.321000 366 0 10.230000 655 4 10.250000 517 4 10.348000 547 0 10.230000 375 32 10.194000 629 1044 10.231000 267 40 10.208000 746 1056 10.210000 649 1032 10.319000 345 8 10.222000 525 0 10.187000 541 1028 10.243000 
459 120 60.419998 563 1124 10.327000 253 12 10.298000 862 8 10.237000 290 0 10.261000 610 0 10.313000 366 0 10.244000 654 1028 10.276000 520 8 10.280000 549 8 10.211000 396 44 10.255000 617 1044 10.265000 275 12 10.223000 746 0 10.252000 648 0 10.319000 346 4 10.213000 525 0 10.183000 541 0 10.302000 
523 136 60.528000 496 1168 10.369000 250 1032 10.353000 869 8 10.361000 289 1028 10.287000 612 4 10.356000 366 0 10.520000 654 0 10.201000 521 4 10.427000 550 0 10.306000 410 20 10.312000 613 1028 10.325000 292 40 10.274000 741 1032 10.247000 637 1048 10.287000 351 8 10.253000 524 1028 10.285000 541 0 10.284000 
568 88 60.429001 451 1116 10.277000 243 1040 10.275000 870 8 10.206000 285 1036 10.270000 613 4 10.329000 371 12 10.282000 656 0 10.231000 522 0 10.301000 552 4 10.277000 422 28 10.186000 612 0 10.336000 312 36 10.284000 734 1040 10.279000 628 1040 10.330994 358 12 10.236000 524 0 10.320000 541 0 10.336000 
608 84 60.500999 411 1112 10.241000 238 1032 10.269000 865 1036 10.277000 285 0 10.234000 610 1028 10.248000 380 16 10.280000 658 0 10.237000 522 0 10.241000 554 8 10.276000 436 28 10.247000 607 1028 10.231000 334 48 10.390000 720 1048 10.245000 618 1048 10.260000 365 16 10.281000 524 0 10.218000 541 0 10.212000 
641 64 60.569000 375 1088 10.332000 231 1036 10.357000 848 1060 10.313000 282 1028 10.369000 610 0 10.405000 385 12 10.364000 660 4 10.343000 524 4 10.343000 557 8 10.301000 448 28 10.287000 599 1040 10.382000 349 32 10.287000 716 1032 10.258000 613 1032 10.299000 367 4 10.253000 524 0 10.265000 541 0 10.371000 
684 96 60.452000 338 1092 10.352000 224 1044 10.411000 836 1044 10.326000 272 1040 10.266000 612 0 10.329000 385 0 10.224000 660 0 10.272000 525 4 10.317000 557 0 10.273000 453 12 10.294000 593 1036 10.267000 355 12 10.279000 712 1028 10.259000 612 0 10.339000 366 1028 10.273000 524 0 10.242000 541 0 10.344000 
720 80 60.346001 305 1092 10.291000 228 12 10.282000 841 0 10.263000 274 4 10.227000 620 16 10.264000 383 1028 10.242000 659 0 10.285000 525 1028 10.333000 555 1028 10.272000 452 1028 10.326000 591 1028 10.360000 361 8 10.277000 705 1036 10.289000 612 0 10.397000 366 0 10.313000 523 1028 10.341000 541 0 10.264000 
743 48 60.578979 284 1064 10.341000 233 8 10.296000 848 16 10.246000 274 0 10.248000 632 24 10.275000 382 1028 10.245000 663 4 10.253000 525 0 10.338000 554 1028 10.241000 451 0 10.266000 591 0 10.370000 363 8 10.284000 703 1028 10.283000 613 0 10.272000 366 0 10.269000 521 1028 10.317000 541 0 10.324000 
748 12 60.507999 274 1040 10.307000 237 8 10.250000 852 4 10.205000 273 0 10.203000 645 28 10.237000 382 0 10.251000 669 12 10.223000 529 4 10.271000 555 4 10.208000 448 1028 10.246000 592 0 10.289000 363 0 10.236000 705 4 10.223000 619 12 10.304000 363 1032 10.216000 521 0 10.264000 543 4 10.324000 
728 1064 60.448002 297 68 10.351000 237 0 10.279000 854 4 10.248000 272 0 10.289000 653 12 10.312000 380 0 10.224000 671 8 10.183000 534 8 10.358000 563 12 10.246000 444 1036 10.253000 596 12 10.317000 362 0 10.272000 708 0 10.255000 626 16 10.308000 358 1032 10.213000 522 0 10.291000 545 8 10.293000 
657 1136 60.458000 378 140 10.311000 240 4 10.316000 848 1044 10.211000 272 0 10.249000 652 4 10.302000 376 1032 10.242000 671 0 10.272000 541 20 10.255000 571 20 10.256000 442 1028 10.343000 599 8 10.371000 353 1044 10.336000 720 20 10.262000 630 4 10.336000 358 0 10.254000 524 8 10.278000 550 12 10.356000 
564 1220 60.558998 464 184 10.362000 275 64 10.328000 809 1080 10.270020 284 16 10.276000 646 1036 10.368000 376 0 10.261000 671 0 10.291000 546 8 10.406000 576 8 10.262000 439 1036 10.254000 599 0 10.282000 332 1072 10.226000 732 20 10.229000 643 24 10.301000 351 1036 10.222000 526 4 10.236000 552 4 10.296000 
476 1212 60.417999 549 184 10.334000 325 104 10.335000 753 1124 10.228000 305 40 10.298000 637 1040 10.308000 379 4 10.243000 671 0 10.228000 544 1028 10.311000 575 1028 10.237000 430 1044 10.266000 600 1028 10.260000 296 1088 10.262000 749 36 10.273000 658 36 10.255000 348 1028 10.232000 526 0 10.251000 553 4 10.299000 
420 1132 60.431000 621 136 10.261000 384 120 10.310000 684 1168 10.263000 333 64 10.363000 613 1072 10.343000 380 8 10.288000 672 4 10.421000 539 1032 10.391000 572 0 10.276000 421 1044 10.235000 601 4 10.406000 253 1112 10.281000 773 48 10.307000 680 44 10.321000 336 1044 10.227000 527 0 10.262000 555 4 10.250000 
409 1036 60.514999 649 84 10.364000 436 112 10.311000 620 1148 10.263000 365 60 10.220000 590 1068 10.289000 380 0 10.261000 674 4 10.227000 537 1028 10.245000 571 0 10.220000 413 1036 10.240000 610 16 10.277000 223 1092 10.192000 800 56 10.200000 698 28 10.316000 319 1056 10.202000 527 0 10.240000 556 4 10.322000 
409 1028 60.396000 652 4 10.295000 485 104 10.230000 574 1112 10.214000 399 68 10.300000 572 1064 10.327000 379 0 10.248000 674 0 10.280000 537 0 10.282000 570 0 10.221985 395 1060 10.285000 625 32 10.305000 195 1076 10.236000 823 52 10.236000 711 28 10.282000 309 1040 10.218000 527 0 10.258000 557 0 10.326000 
408 0 60.432999 651 1028 10.292000 508 44 10.224000 539 1100 10.210000 417 40 10.255000 561 1048 10.330000 379 0 10.256000 674 0 10.239000 531 1032 10.287000 564 1036 10.197000 385 1044 10.291000 633 16 10.302000 183 1036 10.208000 828 4 10.219000 717 12 10.268000 305 1032 10.240000 525 1032 10.267000 554 1032 10.334000 
408 0 60.459999 651 0 10.334000 516 16 10.358000 525 1060 10.264000 426 16 10.321000 556 1032 10.292000 378 0 10.320000 672 0 10.285000 522 1044 10.408000 557 1040 10.261000 383 1028 10.244000 636 8 10.393000 183 0 10.259000 828 0 10.253000 719 4 10.352000 305 1028 10.266000 522 1028 10.248000 553 1028 10.311000 
409 8 60.566002 651 0 10.329000 513 1028 10.368000 528 12 10.278000 425 1028 10.323000 558 4 10.391000 379 0 10.269000 674 0 10.268000 520 1028 10.348000 556 1028 10.240000 382 1028 10.210000 642 8 10.274000 183 0 10.244000 832 12 10.191000 719 0 10.343000 302 1028 10.211000 519 1032 10.240000 552 0 10.294000 
409 0 60.243000 651 0 10.187000 513 0 10.213000 528 0 10.197000 425 0 10.203000 558 0 10.292000 381 4 10.241000 676 4 10.279000 518 1028 10.330000 556 0 10.240000 382 0 10.295000 647 12 10.280000 183 0 10.251000 838 12 10.272000 719 0 10.307007 301 0 10.256000 514 1032 10.309000 548 1032 10.291000 
419 4 60.459999 640 1044 10.253000 503 1040 10.302000 539 28 10.205000 421 0 10.272000 558 0 10.304000 380 0 10.250000 677 4 10.234000 517 0 10.320000 556 0 10.224000 383 0 10.270000 645 1028 10.312000 185 4 10.237000 836 0 10.276000 719 0 10.253000 300 0 10.243000 513 0 10.226000 548 0 10.261000 
485 128 60.485001 587 1124 10.358000 487 1060 10.320000 555 28 10.287000 420 1028 10.323000 558 0 10.459000 379 1028 10.326000 675 1032 10.314000 518 1028 10.381000 557 0 10.289000 389 12 10.333000 636 1044 10.297000 189 12 10.317000 828 1036 10.243000 716 1028 10.373000 302 0 10.255000 516 8 10.190000 548 0 10.275000 
560 172 60.527000 488 1240 10.335000 472 1060 10.329000 574 44 10.340000 419 1028 10.259000 558 0 10.227000 380 8 10.322000 674 1028 10.251000 518 0 10.316000 557 0 10.270000 386 1032 10.343000 638 0 10.358000 206 36 10.246000 811 1056 10.343000 709 1040 10.287000 309 12 10.299000 516 0 10.217000 548 0 10.353000 
561 1032 60.445999 488 4 10.355000 470 1040 10.272000 577 0 10.226000 419 0 10.258000 561 4 10.329000 380 0 10.249000 674 0 10.239000 520 0 10.274000 558 0 10.243000 388 4 10.202000 637 1028 10.205000 213 12 10.210000 808 1036 10.269000 704 1032 10.331000 310 0 10.213000 516 0 10.235000 548 0 10.334000 
565 16 60.424011 472 1040 10.253000 447 1060 10.303000 600 56 10.228000 409 1060 10.252000 583 40 10.291000 380 0 10.255000 674 0 10.375000 520 0 10.337000 558 0 10.290000 393 12 10.301000 634 1028 10.319000 217 12 10.243000 808 1028 10.273000 698 1036 10.389000 313 8 10.269000 516 0 10.344000 548 0 10.271000 
620 76 60.549999 410 1136 10.393000 431 1060 10.275000 616 36 10.240000 408 1032 10.290000 604 44 10.313000 376 1032 10.226000 671 1032 10.269000 520 0 10.305000 558 0 10.233000 401 16 10.291000 624 1048 10.325000 222 8 10.256000 806 1028 10.294000 695 1032 10.318000 313 0 10.270000 516 0 10.322000 548 0 10.353000 
710 180 60.499001 301 1236 10.298000 411 1064 10.238000 634 28 10.298000 395 1048 10.243000 625 44 10.209000 376 0 10.379000 667 1028 10.251000 520 0 10.234000 558 0 10.298000 402 4 10.253000 618 1040 10.230000 223 4 10.299000 800 1036 10.295000 696 4 10.272000 312 0 10.294000 516 0 10.290000 548 0 10.341000 
789 160 60.536999 211 1196 10.373000 395 1048 10.377000 643 24 10.312000 379 1056 10.301000 644 40 10.350000 372 1032 10.288000 656 1044 10.345000 520 0 10.391000 556 0 10.272000 401 0 10.242000 609 1044 10.337000 220 1028 10.258000 799 1028 10.274000 699 0 10.395000 308 1032 10.281000 516 0 10.205000 548 0 10.352000 
822 60 60.472000 157 1116 10.314000 404 0 10.342000 633 1044 10.232971 364 1056 10.239000 655 16 10.349000 369 1032 10.224000 647 1040 10.218000 519 1028 10.320000 558 0 10.260000 394 1028 10.209000 603 1040 10.303000 204 1056 10.269000 802 4 10.337000 708 24 10.300000 301 1036 10.311000 517 4 10.250000 552 8 10.410000 
827 8 60.571999 129 1088 10.377000 437 68 10.355000 596 1104 10.292000 335 1096 10.254000 664 12 10.296000 368 1028 10.203000 643 1032 10.239000 518 1028 10.363000 557 0 10.311000 384 1052 10.352000 603 0 10.355000 182 1068 10.212000 809 12 10.242000 722 28 10.377000 292 1040 10.257000 520 0 10.199000 553 4 10.377000 
829 4 60.473000 116 1056 10.318000 460 52 10.283000 574 1076 10.222000 290 1124 10.277000 676 24 10.329000 365 1028 10.232000 639 1032 10.241000 517 0 10.337000 556 0 10.237000 374 1044 10.238000 603 0 10.358000 172 1036 10.220000 809 4 10.271000 728 20 10.322000 289 1040 10.229000 520 0 10.207000 553 1028 10.380000 
826 1040 60.522999 115 0 10.341000 471 12 10.292000 570 1036 10.254000 286 1028 10.247000 676 1032 10.424000 359 1040 10.270000 635 1036 10.301000 514 1032 10.437000 556 0 10.261000 374 0 10.268000 608 20 10.365000 174 8 10.277000 807 1028 10.257000 724 0 10.353000 292 4 10.275000 521 0 10.324000 553 0 10.347000 
826 0 60.493999 116 4 10.294000 472 0 10.224000 569 1036 10.234000 286 0 10.246000 675 1028 10.183000 368 16 10.205000 649 20 10.240000 513 1028 10.288000 555 0 10.231018 378 4 10.199000 626 44 10.270000 183 16 10.229000 808 0 10.254000 723 0 10.313000 301 20 10.204000 520 1028 10.218000 552 1028 10.274000 
828 4 60.452000 120 16 10.240000 462 0 10.233000 576 12 10.218000 280 1040 10.292000 685 28 10.323000 380 32 10.256000 666 36 10.208000 513 0 10.230000 555 0 10.223000 383 8 10.168000 638 20 10.255000 194 24 10.215000 813 4 10.304000 720 1032 10.233000 304 4 10.257000 517 1032 10.293000 548 1036 10.333000 
839 28 60.444000 128 16 10.335000 408 1140 10.245000 620 96 10.225000 227 1136 10.287000 720 68 10.301000 393 28 10.280000 684 36 10.239000 513 0 10.323000 556 0 10.275000 385 4 10.212000 655 36 10.224000 196 0 10.243000 826 24 10.269000 725 4 10.267000 302 1028 10.244000 515 1028 10.319000 548 0 10.280000 
839 0 60.446999 136 12 10.248000 353 1136 10.318000 668 100 10.270000 194 1108 10.315000 747 56 10.423000 414 44 10.273000 708 48 10.310000 515 0 10.381000 558 4 10.285000 385 0 10.284000 674 44 10.376000 190 1032 10.229000 844 40 10.228000 740 28 10.340000 298 1032 10.246000 512 1028 10.247000 548 0 10.285000 
842 12 60.561001 141 8 10.279000 324 1080 10.350000 704 72 10.275000 180 1044 10.255000 767 44 10.278000 434 40 10.245000 722 36 10.283000 517 4 10.226000 563 8 10.211000 385 0 10.234000 686 16 10.294000 182 1044 10.187000 859 24 10.267000 747 12 10.260986 293 1032 10.225000 509 1032 10.201000 548 0 10.249000 
848 8 60.400002 156 44 10.226000 304 1052 10.216000 746 84 10.207000 170 1044 10.305000 785 32 10.284000 434 1032 10.229000 720 1028 10.216000 520 8 10.299000 564 0 10.210000 381 1036 10.199000 685 4 10.255000 181 1028 10.292000 858 1032 10.272000 745 1028 10.281000 292 0 10.295000 509 0 10.323000 548 0 10.243000 
848 1028 60.276001 182 60 10.206000 305 0 10.233000 770 48 10.260000 171 4 10.198000 796 36 10.248000 434 0 10.259000 719 0 10.282000 520 0 10.235000 564 0 10.243000 381 0 10.199000 685 0 10.264000 182 0 10.213000 860 0 10.203000 742 1032 10.224000 292 0 10.225000 509 0 10.183000 548 0 10.230000 
858 1032 60.402000 190 16 10.253000 308 4 10.194000 772 1032 10.235000 171 0 10.285000 797 4 10.341000 433 0 10.238000 718 1028 10.266000 519 1028 10.425000 564 0 10.318000 382 0 10.281000 681 1032 10.335000 181 1028 10.288000 860 1032 10.317000 742 4 10.290000 293 0 10.259000 510 4 10.228000 548 0 10.282000 
934 144 60.411999 192 8 10.334000 312 8 10.390000 772 0 10.263000 179 16 10.194000 798 4 10.384000 425 1040 10.282000 702 1064 10.224000 520 0 10.295000 564 0 10.317000 382 0 10.241000 670 1052 10.285000 187 12 10.244000 849 1052 10.286000 732 1040 10.417000 293 0 10.260000 513 8 10.314000 550 4 10.383000 
1002 140 60.396973 199 12 10.421000 323 28 10.366000 772 0 10.285000 185 16 10.350000 800 4 10.353000 404 1068 10.250000 677 1068 10.219000 524 12 10.291000 565 4 10.249000 378 1032 10.279000 656 1056 10.369000 200 24 10.254000 832 1056 10.244000 724 1036 10.349000 292 1028 10.241000 515 4 10.233000 551 0 10.304000 
1023 84 60.527000 247 112 10.365000 339 32 10.300000 768 1036 10.250000 189 8 10.323000 802 4 10.356000 373 1088 10.286000 649 1080 10.310000 528 8 10.336000 567 0 10.289000 371 1036 10.262000 644 1052 10.369000 204 12 10.263000 818 1060 10.237000 717 1044 10.318000 290 1028 10.209000 520 12 10.282000 553 4 10.342000 
1023 76 60.532001 308 128 10.315000 356 36 10.294000 759 1044 10.240000 190 0 10.214000 802 0 10.269000 350 1072 10.266000 628 1064 10.277000 528 0 10.308000 567 0 10.269000 364 1036 10.274000 632 1048 10.260000 204 0 10.244000 809 1044 10.280000 708 1044 10.304000 290 0 10.235000 522 4 10.292000 554 0 10.254000 
1023 0 60.462002 346 84 10.316000 375 40 10.321000 751 1036 10.196000 190 0 10.266000 802 0 10.306000 341 1048 10.231000 619 1036 10.195000 527 1028 10.300000 566 1028 10.198000 362 1028 10.244000 629 1028 10.308000 204 0 10.252000 807 1028 10.280000 707 1028 10.285000 290 0 10.262000 523 4 10.299000 555 4 10.344000 
1023 0 60.567001 391 84 10.313000 384 20 10.260000 751 1028 10.258972 188 1028 10.191000 806 12 10.169000 336 1028 10.195000 616 1036 10.224000 527 0 10.238000 566 0 10.213000 358 1036 10.270000 631 4 10.278000 202 1028 10.198000 806 1028 10.266000 707 0 10.291000 290 0 10.242000 525 4 10.307000 557 4 10.384000 
629 1032 60.561001 458 140 10.291000 386 4 10.262000 753 0 10.334000 187 1028 10.320000 806 0 10.332000 335 0 10.289000 616 1028 10.281000 528 8 10.326000 565 1028 10.288000 358 0 10.332000 632 4 10.289000 202 0 10.236000 807 0 10.292000 705 1028 10.299000 291 0 10.236000 526 4 10.215000 557 0 10.271000 
1023 1652 60.500999 478 12 10.279000 386 4 10.303000 755 4 10.257000 186 1028 10.242000 808 8 10.346000 340 8 10.303000 619 0 10.204000 528 0 10.280000 565 0 10.210000 361 4 10.220000 631 0 10.316000 203 0 10.228000 806 0 10.279000 705 0 10.325000 292 4 10.180000 527 0 10.222000 557 0 10.308000 
1019 1244 60.445000 405 1124 10.306000 392 16 10.299000 755 0 10.220000 185 0 10.253000 806 1028 10.326000 351 20 10.252000 633 28 10.255000 528 0 10.324000 566 4 10.244000 368 12 10.295000 633 4 10.306000 206 8 10.308000 807 0 10.299000 707 4 10.292000 296 4 10.240000 527 0 10.292000 557 0 10.383000 
897 1284 60.375999 313 1232 10.229000 392 0 10.276000 762 8 10.289000 185 0 10.218000 809 4 10.274000 375 48 10.266000 663 64 10.222000 532 12 10.218000 567 0 10.348999 375 12 10.230000 644 28 10.248000 207 0 10.255000 806 0 10.194000 716 20 10.242000 302 12 10.246000 536 20 10.215000 562 12 10.224000 
775 1268 60.376999 286 1076 10.232000 392 0 10.270000 777 28 10.208000 185 0 10.283000 809 0 10.291000 401 52 10.231000 693 68 10.231000 544 28 10.209000 575 20 10.214000 378 4 10.208000 654 16 10.351000 202 1040 10.314000 809 8 10.326000 729 32 10.329000 303 4 10.265000 544 24 10.270000 569 20 10.378000 
661 1256 60.464001 282 1028 10.323000 389 1036 10.331000 785 16 10.244000 185 0 10.231000 809 0 10.340000 421 36 10.216000 712 44 10.203000 550 12 10.264000 580 12 10.280000 378 0 10.213000 667 24 10.332000 195 1036 10.271000 820 24 10.301000 738 16 10.408000 303 0 10.304000 545 0 10.286000 570 4 10.405000 
554 1244 60.507999 295 36 10.352000 370 1056 10.377000 792 8 10.289000 179 1036 10.307000 808 1028 10.359000 427 28 10.349000 717 8 10.346000 552 8 10.295000 580 4 10.270000 372 1036 10.222000 676 28 10.266000 189 1036 10.231000 826 12 10.248000 737 1032 10.349000 303 0 10.244000 545 0 10.251000 569 4 10.339000 
476 1152 60.500000 319 52 10.382000 350 1064 10.360000 792 0 10.210000 178 0 10.276000 806 1032 10.315000 417 1036 10.241000 705 1048 10.209000 553 0 10.327000 582 0 10.228000 371 0 10.205000 667 1044 10.310000 196 12 10.235000 823 4 10.326000 723 1056 10.270000 303 0 10.221985 545 0 10.249000 568 1028 10.305000 
457 1080 60.428001 325 16 10.270000 332 1056 10.274000 793 1040 10.237000 168 1032 10.248000 807 0 10.291000 390 1080 10.217000 672 1096 10.231000 552 0 10.209000 583 4 10.222000 371 0 10.225000 641 1080 10.311000 205 12 10.216000 813 1044 10.252000 708 1056 10.299000 300 1028 10.239000 545 0 10.250000 567 1028 10.250000 
459 8 60.449001 339 24 10.222000 249 1212 10.276000 812 36 10.289000 159 1048 10.219000 810 4 10.241000 362 1080 10.270000 642 1088 10.303000 551 1028 10.373000 582 1028 10.286000 368 1036 10.315000 625 1040 10.370000 211 8 10.283000 806 1044 10.302000 693 1052 10.384000 299 0 10.291000 544 0 10.217000 566 0 10.394000 
457 1028 60.452999 368 56 10.300000 177 1112 10.308000 836 48 10.216000 166 16 10.284000 815 12 10.350000 341 1060 10.218000 621 1060 10.218000 550 1028 10.274000 582 0 10.211000 363 1032 10.218000 622 1032 10.281000 217 16 10.229000 804 1028 10.199000 683 1040 10.319000 295 1032 10.201000 543 1028 10.220000 566 0 10.314000 
454 1032 60.436001 375 24 10.241000 180 4 10.263000 820 1064 10.228000 172 8 10.252000 810 0 10.226000 322 1068 10.250000 605 1060 10.231000 550 0 10.288000 582 0 10.246000 360 1036 10.337000 617 1036 10.282000 219 0 10.213000 801 1028 10.283000 680 0 10.308000 292 1032 10.311000 543 1028 10.271000 566 0 10.290000 
453 1028 60.450989 359 1048 10.327000 235 104 10.277000 735 1224 10.232000 198 40 10.310000 790 1056 10.299000 310 1052 10.273000 594 1048 10.266000 550 0 10.258000 582 0 10.212000 360 0 10.179000 613 1032 10.248000 224 12 10.239000 799 1032 10.246000 676 1032 10.304000 289 1032 10.226000 541 1028 10.215000 565 1032 10.320000 
453 0 60.291000 333 1076 10.207000 289 116 10.242000 659 1204 10.187000 219 52 10.211000 773 1060 10.198000 306 1032 10.212000 589 1028 10.197000 549 0 10.203000 582 0 10.209000 360 0 10.197000 611 0 10.199000 224 0 10.197000 798 1028 10.226000 676 0 10.268000 289 0 10.243000 540 0 10.235000 565 0 10.306000 
456 8 60.429001 293 1108 10.261000 281 1056 10.269000 660 1044 10.216000 214 1032 10.255000 778 12 10.293000 305 0 10.225000 588 1028 10.211000 548 0 10.256000 582 0 10.186000 361 4 10.265000 606 1036 10.301000 219 1032 10.215000 800 4 10.273000 676 0 10.266000 289 0 10.208000 540 0 10.275000 564 1028 10.297000 
452 1036 60.466000 264 1076 10.295000 227 1116 10.222000 730 136 10.301000 213 0 10.299000 803 68 10.375000 306 4 10.277000 589 0 10.317000 548 0 10.316000 583 0 10.251000 362 0 10.299000 606 1032 10.341000 211 1044 10.272000 808 16 10.241000 683 16 10.434000 283 1036 10.312000 539 0 10.258000 564 0 10.425000 
446 1036 60.479000 255 1048 10.356000 183 1120 10.362000 785 88 10.224976 214 0 10.287000 814 48 10.324000 309 8 10.299000 589 0 10.312000 548 0 10.388000 583 0 10.269000 363 0 10.254000 607 0 10.355000 210 1028 10.323000 810 8 10.294000 686 8 10.346000 280 1028 10.291000 539 0 10.278000 565 0 10.379000 
441 1052 60.543999 247 1036 10.369000 194 4 10.373000 756 1112 10.362000 220 0 10.292000 796 1052 10.278000 309 0 10.279000 588 1028 10.289000 550 4 10.405000 584 0 10.325000 369 8 10.294000 609 4 10.390000 213 12 10.269000 807 1032 10.292000 687 0 10.359000 280 0 10.330000 538 0 10.349000 564 4 10.330000 
444 12 60.460999 241 1036 10.351000 278 184 10.279000 668 1196 10.269000 242 52 10.220000 762 1096 10.369000 319 16 10.262000 599 28 10.229000 549 1028 10.272000 581 1032 10.248000 379 20 10.177000 617 12 10.257000 222 20 10.211000 803 1032 10.261000 686 1028 10.221000 284 8 10.203000 538 0 10.184000 561 1036 10.235000 
445 0 60.518002 241 0 10.281000 320 68 10.333000 621 1132 10.263000 249 16 10.240000 750 1044 10.312000 330 20 10.312000 618 36 10.302000 545 1028 10.424000 575 1040 10.287000 385 12 10.287000 621 8 10.361000 232 16 10.264000 793 1044 10.262000 685 1028 10.376000 295 24 10.296000 536 1028 10.352000 555 1032 10.384000 
455 12 60.534000 240 0 10.382000 312 8 10.367000 638 40 10.304000 245 1028 10.353000 772 52 10.388000 345 28 10.256000 638 44 10.306000 533 1056 10.365000 559 1060 10.255005 386 0 10.275000 623 8 10.482000 236 12 10.290000 779 1056 10.271000 687 4 10.313000 310 28 10.305000 530 1032 10.259000 550 1036 10.318000 
466 24 60.449001 240 0 10.336000 275 1092 10.357000 700 124 10.271000 229 1056 10.287000 809 76 10.404000 360 32 10.288000 645 12 10.302000 521 1052 10.400000 547 1048 10.319000 386 0 10.266000 621 1028 10.320000 242 8 10.288000 768 1044 10.227000 682 1028 10.377000 321 20 10.242000 523 1040 10.226000 543 1036 10.249000 
468 8 60.396000 247 16 10.276000 229 1120 10.307000 766 120 10.209000 219 1052 10.234000 825 44 10.297000 362 4 10.250000 645 0 10.272000 514 1040 10.327000 540 1040 10.282000 391 12 10.320000 619 1028 10.379000 262 44 10.335000 753 1056 10.347000 672 1048 10.303000 331 20 10.292000 517 1036 10.258000 541 1028 10.353000 
475 0 60.536999 260 28 10.372000 216 1048 10.342000 769 48 10.301000 219 1028 10.270000 815 1048 10.371000 368 8 10.309000 645 0 10.335000 512 1028 10.344000 539 1028 10.279000 408 36 10.339000 611 1036 10.346000 284 36 10.260000 734 1060 10.228000 663 1036 10.391000 340 20 10.296000 516 0 10.199000 540 0 10.343000 
524 100 60.578999 308 104 10.326000 235 40 10.352000 746 1080 10.334000 219 0 10.245000 802 1048 10.288000 371 4 10.285000 645 0 10.240000 512 0 10.264000 538 0 10.237000 415 28 10.259000 606 1040 10.248000 298 32 10.217000 723 1040 10.257000 659 1028 10.312000 342 4 10.254028 515 0 10.232000 540 0 10.344000 
597 164 60.497002 385 156 10.292000 260 44 10.343000 726 1064 10.278000 226 16 10.224000 795 1040 10.173000 371 0 10.180000 650 8 10.242000 513 4 10.254000 538 0 10.172000 416 4 10.217000 606 0 10.262000 301 12 10.220000 730 8 10.260000 658 1028 10.258000 341 1028 10.203000 512 1032 10.213000 540 0 10.275000 
688 188 60.498001 449 132 10.256000 293 76 10.282000 712 1052 10.335000 249 44 10.313000 793 1032 10.221000 374 0 10.279000 660 20 10.288000 513 0 10.323000 538 0 10.285000 416 0 10.266000 605 1028 10.358000 296 1032 10.276000 739 16 10.250000 658 0 10.231000 340 1028 10.340000 511 1028 10.235000 540 0 10.243000 
777 180 60.471001 520 152 10.220000 312 32 10.200000 709 1028 10.218000 259 24 10.292000 791 0 10.217000 378 8 10.232000 663 4 10.202000 512 1028 10.286000 538 0 10.249000 418 8 10.190000 605 0 10.241000 285 1048 10.266000 754 32 10.210000 666 20 10.291000 337 1028 10.264000 508 1032 10.352000 539 0 10.308000 
815 88 60.435001 557 76 10.378000 330 40 10.306000 701 1040 10.264000 261 12 10.322000 786 1036 10.264000 379 1028 10.222000 660 1032 10.204000 511 1028 10.297000 538 0 10.208000 419 0 10.252000 604 1028 10.292000 274 1048 10.225000 759 12 10.238000 672 12 10.295000 332 1032 10.199000 508 0 10.204000 539 0 10.334000 
812 1028 60.504028 560 12 10.362000 314 1072 10.368000 711 12 10.272000 246 1056 10.304000 792 16 10.369000 370 1044 10.253000 660 0 10.270000 513 4 10.265000 540 8 10.270000 418 0 10.236000 604 1028 10.332000 261 1052 10.221000 773 36 10.251000 680 16 10.347000 322 1040 10.285000 509 4 10.259000 541 8 10.311000 
799 1048 60.542999 560 0 10.281000 267 1112 10.374000 775 140 10.244000 242 4 10.220000 810 36 10.277000 362 1048 10.229000 661 0 10.204000 514 4 10.248000 543 8 10.201000 418 0 10.225000 603 0 10.304000 247 1044 10.189000 789 40 10.210000 693 28 10.301000 308 1052 10.206000 509 0 10.213000 542 0 10.266000 
766 1100 60.431000 567 12 10.323000 232 1112 10.331000 843 120 10.303000 243 4 10.229000 815 24 10.356000 369 16 10.227000 669 16 10.229000 511 1032 10.282000 540 1028 10.232000 417 0 10.217000 604 4 10.318000 230 1060 10.220000 792 12 10.216000 701 16 10.328000 308 4 10.314000 510 4 10.202000 543 0 10.395000 
765 1064 60.532001 583 32 10.334000 244 24 10.403000 821 8 10.313000 252 12 10.253000 790 1060 10.414000 376 16 10.317000 677 20 10.278000 504 1028 10.342000 536 1036 10.286000 413 1032 10.266000 602 1028 10.335000 207 1076 10.334000 788 1028 10.269000 714 28 10.344000 312 8 10.271000 513 4 10.222000 545 0 10.347000 
801 76 60.578999 592 12 10.320000 302 124 10.334000 721 1240 10.281006 274 44 10.315000 736 1136 10.381000 374 1028 10.293000 672 1036 10.257000 499 1036 10.299000 531 1032 10.259000 406 1036 10.327000 602 0 10.331000 202 1028 10.285000 792 12 10.338000 719 8 10.346000 311 0 10.295000 513 0 10.358000 544 0 10.358000 
829 56 60.646999 592 0 10.464000 354 88 10.353000 670 1132 10.225000 290 32 10.246000 712 1064 10.235000 374 0 10.240000 668 1032 10.220000 498 1028 10.272000 534 8 10.224000 406 0 10.226000 605 0 10.293000 203 0 10.217000 800 16 10.178000 718 0 10.207000 309 1028 10.173000 513 0 10.174000 543 1028 10.214000 
825 1056 60.463001 587 1036 10.336000 336 1036 10.284000 708 88 10.227000 269 1072 10.302000 733 24 10.245000 372 0 10.257000 666 0 10.264000 504 12 10.329000 541 12 10.225000 406 0 10.255000 612 12 10.358000 210 16 10.248000 816 32 10.289000 714 0 10.341000 299 1048 10.294000 511 1032 10.304000 542 1028 10.299000 
792 1108 60.529999 583 1032 10.374000 282 1136 10.288000 822 248 10.226000 254 1064 10.266000 756 60 10.328000 371 1032 10.270000 663 0 10.208000 508 4 10.260000 547 16 10.257000 406 0 10.295000 615 8 10.339000 209 1028 10.227000 823 20 10.286000 713 1028 10.307000 298 0 10.229000 511 0 10.353000 542 0 10.385000 
768 1104 60.514999 591 24 10.329000 257 1068 10.255000 852 128 10.235000 252 1032 10.288000 752 1036 10.411000 370 0 10.327000 663 1028 10.344000 507 0 10.386000 547 0 10.278992 408 4 10.244000 615 1028 10.321000 209 0 10.268000 818 1044 10.242000 714 4 10.386000 296 1028 10.268000 511 0 10.296000 542 0 10.377000 
771 12 60.528000 592 4 10.411000 262 8 10.334000 851 0 10.306000 253 0 10.277000 752 0 10.252000 369 1028 10.232000 662 1028 10.205000 507 0 10.199000 547 0 10.190000 408 0 10.239000 615 0 10.187000 209 0 10.237000 816 1032 10.212000 714 0 10.242000 298 0 10.283000 511 0 10.198000 542 0 10.256000 
772 8 60.445999 591 1032 10.232000 269 12 10.299000 848 0 10.286000 254 0 10.233000 752 0 10.226000 371 8 10.197000 662 0 10.266000 505 1028 10.344000 545 1028 10.228000 408 0 10.263000 613 0 10.295000 210 4 10.212000 808 1036 10.206000 714 0 10.256000 302 12 10.226000 511 0 10.234000 542 0 10.236000 
771 0 60.403999 526 1100 10.419000 287 36 10.271000 832 1056 10.316000 253 1028 10.272000 753 0 10.339000 370 0 10.239000 663 0 10.249000 505 0 10.326000 545 1028 10.217000 411 4 10.271000 613 0 10.310000 216 12 10.222000 800 1036 10.246000 708 1036 10.335000 308 12 10.225000 511 0 10.229000 542 0 10.335000 
768 1036 60.419998 401 1276 10.264000 303 36 10.287000 805 1084 10.230000 252 0 10.304000 754 4 10.275000 369 1028 10.267000 661 1028 10.313000 505 0 10.292000 545 0 10.245000 415 8 10.284000 609 1032 10.329000 234 36 10.221000 782 1056 10.215000 695 1048 10.323000 317 20 10.244019 511 0 10.255000 542 0 10.306000 
771 0 60.466000 279 1264 10.268000 315 24 10.222000 773 1092 10.233000 252 0 10.266000 754 0 10.282000 369 0 10.236000 661 0 10.276000 505 0 10.306000 545 0 10.211000 419 8 10.218000 606 1028 10.283000 257 44 10.231000 761 1072 10.244000 676 1060 10.243000 332 28 10.224000 512 4 10.192000 542 0 10.237000 
789 32 60.561001 219 1124 10.373000 312 1036 10.278000 779 16 10.237000 247 1032 10.293000 754 4 10.328000 369 1028 10.261000 659 1028 10.298000 506 0 10.290000 544 0 10.246000 419 4 10.237000 606 1028 10.250000 279 44 10.250000 737 1064 10.197000 666 1044 10.255000 343 28 10.218000 513 4 10.259000 542 0 10.226000 
802 20 60.438999 216 1032 10.442000 313 1032 10.272000 771 0 10.282000 244 1032 10.341000 752 1032 10.282000 368 1028 10.232000 655 1028 10.247000 507 4 10.340000 545 4 10.224000 420 0 10.231000 606 1028 10.354000 284 28 10.288000 740 1044 10.250000 668 8 10.328000 340 1036 10.259000 512 0 10.242000 542 0 10.272000 
803 0 60.535999 216 0 10.244000 373 104 10.270000 696 1184 10.241000 246 8 10.244000 745 1036 10.229000 366 1028 10.218000 654 0 10.247000 507 0 10.279000 545 0 10.219000 420 0 10.215000 608 4 10.329000 265 1056 10.272000 762 36 10.246000 682 20 10.356000 327 1052 10.306000 510 1032 10.242000 542 0 10.339000 
803 0 60.507996 216 0 10.296000 467 196 10.321000 598 1220 10.279000 246 0 10.247000 742 1036 10.292000 366 0 10.277000 654 1028 10.297000 507 0 10.344000 545 0 10.325000 417 1028 10.263000 613 16 10.333000 227 1100 10.275000 803 84 10.368000 710 52 10.351000 295 1092 10.294000 507 1028 10.289000 542 0 10.357000 
803 0 60.439999 212 1028 10.338000 546 168 10.272000 521 1200 10.182000 247 4 10.265000 745 0 10.294000 366 0 10.259000 654 0 10.256000 506 0 10.309000 545 0 10.280000 414 1032 10.358000 620 16 10.288000 183 1112 10.238000 845 88 10.210000 740 68 10.315000 265 1100 10.275000 505 1028 10.291000 542 0 10.288000 
820 40 60.549999 182 1092 10.250000 549 1036 10.309000 513 1040 10.342000 239 1040 10.248000 752 12 10.327000 363 1028 10.254000 655 0 10.282000 504 1028 10.419000 545 1028 10.303000 404 1040 10.348000 631 24 10.367000 165 1080 10.304000 859 12 10.336000 745 4 10.355000 262 1032 10.289000 505 0 10.270000 542 0 10.391000 
828 24 60.476002 178 4 10.345000 547 1036 10.295000 513 1032 10.354000 230 1040 10.338000 746 1032 10.349000 363 4 10.369000 656 4 10.311000 504 0 10.353000 545 0 10.346000 393 1040 10.303000 644 20 10.254000 162 1032 10.277000 858 1028 10.308000 743 1028 10.267000 265 4 10.315000 506 8 10.342000 542 0 10.299000 
791 1124 60.476002 231 76 10.315000 555 20 10.314000 511 1028 10.231018 222 1040 10.288000 746 0 10.239000 366 12 10.255000 658 4 10.264000 502 1028 10.336000 544 1028 10.231000 369 1068 10.309000 663 40 10.299000 157 1036 10.264000 858 8 10.297000 736 1032 10.356000 276 20 10.268000 507 4 10.297000 542 0 10.380000 
715 1184 60.505001 306 144 10.347000 544 1048 10.261000 511 0 10.256000 193 1072 10.285000 746 0 10.276000 366 0 10.221000 656 1028 10.203000 504 4 10.160000 544 0 10.190000 334 1096 10.227000 694 64 10.281000 152 1036 10.221000 862 0 10.213000 724 1056 10.232000 292 24 10.228000 509 4 10.202000 543 4 10.307000 
672 1116 60.433998 356 104 10.304000 542 8 10.308000 511 1032 10.224000 177 1068 10.282000 746 4 10.314000 366 0 10.255000 658 1028 10.215000 502 0 10.256000 542 1032 10.231000 314 1056 10.261000 712 24 10.328000 142 1048 10.242000 870 8 10.322000 721 0 10.290000 299 8 10.233000 509 0 10.251000 542 0 10.257000 
665 1036 60.460999 366 16 10.275000 542 0 10.269000 515 8 10.228000 177 0 10.236000 754 20 10.310000 364 4 10.250000 653 1040 10.270000 502 0 10.228000 542 0 10.204000 310 1036 10.252000 717 16 10.245000 144 4 10.221000 863 1044 10.280000 711 1044 10.298000 310 24 10.214000 510 4 10.347000 542 0 10.316000 
664 0 60.433998 378 40 10.420000 541 0 10.347000 524 24 10.239000 177 1032 10.297000 769 28 10.374000 366 0 10.280000 654 0 10.350000 504 0 10.376000 542 0 10.302002 302 1032 10.305000 728 12 10.356000 156 16 10.297000 855 1036 10.301000 702 1040 10.302000 314 8 10.302000 510 0 10.218000 542 0 10.338000 
606 1176 60.555000 415 88 10.349000 550 24 10.351000 521 1036 10.334000 209 80 10.272000 768 4 10.420000 366 0 10.282000 655 1028 10.339000 506 4 10.318000 542 0 10.266000 281 1068 10.328000 747 36 10.330000 174 32 10.277000 840 1060 10.338000 696 1032 10.316000 318 8 10.265000 510 0 10.267000 542 0 10.332000 
526 1200 60.533001 448 52 10.369000 551 4 10.298000 512 1044 10.262000 236 80 10.266000 760 1044 10.350000 368 4 10.272000 654 1028 10.240000 510 8 10.347000 542 0 10.284000 265 1060 10.275000 765 28 10.313000 186 20 10.288000 831 1044 10.339000 689 1040 10.320000 324 12 10.296000 510 0 10.340000 542 0 10.290000 
513 1068 60.386002 474 52 10.261000 543 1044 10.271000 517 8 10.219000 236 1028 10.187000 760 0 10.274000 368 0 10.252000 651 1032 10.275000 510 1028 10.286000 542 0 10.232000 268 8 10.275000 759 1032 10.327000 190 8 10.240000 826 1028 10.272000 684 1032 10.283000 328 4 10.218000 510 0 10.181000 542 0 10.322000 
513 0 60.421001 486 28 10.312000 539 1028 10.285000 518 1036 10.225000 229 1036 10.298000 774 48 10.253000 371 4 10.241000 652 4 10.271000 510 0 10.391000 543 4 10.288000 275 8 10.298000 753 1036 10.342000 191 0 10.310000 825 0 10.291000 682 1032 10.339000 332 8 10.262024 511 4 10.356000 542 0 10.338000 
509 1032 60.490002 488 8 10.327000 490 1104 10.309000 568 104 10.289000 186 1116 10.278000 828 100 10.239000 373 4 10.215000 653 0 10.264000 510 0 10.295000 544 0 10.251000 289 28 10.256000 739 1044 10.399000 195 4 10.265000 822 1028 10.266000 683 4 10.408000 331 1028 10.261000 511 0 10.258000 542 0 10.402000 
510 4 60.414001 491 0 10.343000 419 1168 10.298000 639 152 10.230000 162 1092 10.223000 855 68 10.284000 371 1032 10.254000 653 1028 10.260000 509 1028 10.297000 544 0 10.338000 312 48 10.274000 713 1080 10.359000 198 8 10.321000 818 1032 10.314000 684 4 10.401000 329 1028 10.292000 511 0 10.314000 542 0 10.345000 
509 1028 60.542000 499 16 10.378000 348 1172 10.333000 712 156 10.263000 162 0 10.296000 855 0 10.368000 372 4 10.287000 653 0 10.348000 508 0 10.336000 543 0 10.304000 335 52 10.263000 688 1076 10.377000 206 12 10.353000 809 1040 10.286000 683 0 10.334000 330 0 10.278000 511 0 10.285000 542 0 10.413000 
503 1036 60.526001 513 32 10.344000 321 1056 10.373000 728 68 10.315000 167 8 10.249000 844 1044 10.378000 371 1028 10.279000 654 4 10.311000 507 1028 10.309000 543 0 10.301000 358 40 10.341000 668 1060 10.315000 214 20 10.300000 803 1032 10.264000 681 1028 10.360000 330 0 10.250000 511 0 10.216000 541 0 10.291000 
488 1060 60.463013 516 4 10.328000 395 100 10.335000 642 1204 10.287000 222 116 10.288000 795 1132 10.366000 372 0 10.319000 658 8 10.245000 507 0 10.418000 544 4 10.250000 376 40 10.285000 651 1056 10.406000 222 20 10.240000 799 1036 10.323000 682 0 10.304000 330 0 10.280000 511 0 10.260000 541 0 10.300000 
484 1028 60.493000 520 8 10.282000 469 164 10.370000 557 1184 10.273000 276 108 10.310000 749 1120 10.283000 372 0 10.263000 658 0 10.257000 507 0 10.138000 545 4 10.233000 388 28 10.233000 641 1048 10.337000 225 8 10.212000 795 1032 10.236000 681 0 10.282000 330 0 10.213000 511 0 10.158000 541 0 10.327000 
480 1028 60.433998 520 0 10.230000 514 104 10.218000 502 1120 10.189000 306 76 10.225000 718 1100 10.237000 373 4 10.224000 659 4 10.254000 507 0 10.299000 545 0 10.233000 398 16 10.242000 629 1048 10.275000 229 8 10.235000 789 1032 10.342000 677 1032 10.345000 335 8 10.310000 511 0 10.362000 541 0 10.321000 
476 1032 60.505001 523 4 10.359000 509 1044 10.256000 506 1060 10.262000 294 1028 10.321000 741 48 10.343000 373 0 10.270000 656 1032 10.272000 506 0 10.341000 544 1028 10.292000 401 0 10.243000 623 1028 10.381000 230 1028 10.296000 785 1032 10.258000 677 0 10.319000 335 4 10.244000 512 4 10.325000 541 0 10.355000 
466 1052 60.493000 525 4 10.340000 431 1212 10.353000 594 176 10.268005 239 1148 10.254000 786 88 10.403000 373 8 10.261000 656 1028 10.263000 506 0 10.420000 544 0 10.273000 403 8 10.195000 618 1032 10.289000 230 0 10.236000 784 1028 10.248000 680 8 10.299000 333 0 10.215000 512 0 10.250000 541 0 10.280000 
466 0 60.465000 533 24 10.326000 342 1208 10.404000 695 200 10.301000 220 1056 10.333000 792 1028 10.422000 370 1028 10.286000 653 1032 10.297000 506 0 10.278000 542 1032 10.241000 403 0 10.259000 614 1036 10.307000 230 0 10.218000 781 1032 10.267000 683 8 10.290000 332 0 10.217000 512 0 10.268000 541 0 10.329000 
465 1028 60.528999 536 0 10.323000 273 1184 10.396000 765 120 10.288000 224 8 10.264000 775 1052 10.351000 370 0 10.195000 653 0 10.276000 504 1028 10.272000 542 0 10.273000 403 0 10.346000 613 1028 10.312000 229 1028 10.285000 779 1028 10.290000 684 0 10.385000 332 0 10.316000 512 0 10.286000 541 0 10.293000 
443 1036 60.558998 565 32 10.373000 266 1036 10.325000 776 20 10.272000 240 24 10.258000 761 1056 10.312000 371 4 10.226000 654 4 10.241000 506 8 10.353000 541 1028 10.234000 392 1052 10.282000 627 28 10.281000 226 1028 10.260000 785 12 10.252000 689 16 10.335000 327 1040 10.242000 511 0 10.298000 541 0 10.369000 
373 1168 60.494999 654 192 10.331000 265 0 10.297000 780 16 10.235000 252 28 10.258000 746 1056 10.296000 372 0 10.217000 653 0 10.242000 506 0 10.285000 541 0 10.213989 383 1040 10.204000 643 28 10.299000 222 1032 10.224000 800 32 10.229000 689 0 10.294000 322 1032 10.215000 510 0 10.183000 541 0 10.288000 
327 1120 60.403999 701 84 10.205000 265 0 10.222000 780 0 10.288000 261 20 10.197000 740 1036 10.228000 373 4 10.292000 656 4 10.270000 506 0 10.225000 543 0 10.286000 378 1028 10.259000 655 16 10.330000 214 1040 10.238000 812 16 10.218000 691 4 10.240000 320 1032 10.367000 509 1028 10.200000 541 0 10.214000 
336 28 60.354000 660 1136 10.223000 270 4 10.206000 779 1028 10.196000 263 4 10.233000 738 1028 10.284000 375 0 10.216000 662 12 10.226000 506 0 10.292000 543 0 10.269000 379 0 10.207000 652 1028 10.236000 215 0 10.263000 807 1032 10.226000 686 1040 10.259000 323 8 10.233000 509 0 10.284000 541 0 10.319000 
445 236 60.335999 533 1284 10.258000 278 16 10.293000 778 1028 10.195000 263 0 10.227000 737 0 10.176000 374 1028 10.249000 663 0 10.222000 506 0 10.283000 542 1028 10.256000 380 4 10.267000 651 0 10.289000 216 0 10.221000 806 1028 10.307000 676 1040 10.352000 335 20 10.242000 510 4 10.277000 541 0 10.236000 
558 260 60.417000 446 1224 10.301000 284 16 10.264000 778 0 10.239000 267 12 10.247000 738 4 10.300000 374 1028 10.274000 660 1036 10.227000 505 0 10.242000 542 0 10.217000 394 24 10.228000 636 1060 10.297000 214 1032 10.203000 810 16 10.284000 666 1048 10.288000 343 16 10.262024 510 0 10.298000 541 0 10.410000 
620 136 60.539001 395 1132 10.361000 280 1044 10.423000 782 12 10.293000 264 1036 10.345000 744 12 10.414000 373 0 10.294000 660 0 10.316000 504 0 10.374000 542 0 10.276000 415 36 10.253000 614 1064 10.390000 214 0 10.262000 808 1032 10.306000 667 0 10.344000 343 0 10.242000 510 0 10.266000 541 0 10.282000 
644 36 60.388000 351 1108 10.342000 283 8 10.437000 781 0 10.362000 266 0 10.263000 744 0 10.323000 374 4 10.255000 660 0 10.265000 504 0 10.269000 543 4 10.272000 433 28 10.234000 595 1056 10.183000 214 0 10.200000 813 4 10.260000 665 1028 10.281000 343 1028 10.245000 510 0 10.240000 539 1028 10.332000 
690 96 60.422001 322 1096 10.244000 287 12 10.254000 782 0 10.255000 267 0 10.201000 742 0 10.304000 374 0 10.267000 660 0 10.266000 502 0 10.227000 543 0 10.207000 446 32 10.217000 582 1052 10.309000 217 8 10.240000 808 1032 10.218000 662 1028 10.283000 346 8 10.222000 510 0 10.251000 539 0 10.234000 
756 128 60.521000 259 1140 10.335000 287 0 10.305000 780 1032 10.300000 275 20 10.246000 737 1032 10.305000 373 1028 10.210000 660 0 10.243000 502 0 10.323000 543 4 10.247000 448 8 10.294000 580 1032 10.301000 220 4 10.217000 807 0 10.223000 661 1028 10.346000 347 0 10.225000 510 0 10.280000 539 0 10.368000 
816 132 60.494995 198 1148 10.316000 289 4 10.367000 779 1028 10.283000 281 16 10.327000 735 1028 10.411000 373 0 10.236000 660 0 10.256000 502 0 10.310000 543 0 10.259000 448 0 10.240000 581 4 10.369000 220 0 10.294000 806 0 10.303000 665 8 10.332000 346 1028 10.271000 510 0 10.312000 539 0 10.363000 
825 28 60.500000 186 1044 10.338000 299 28 10.314000 768 1032 10.263000 291 20 10.279000 724 1048 10.257000 374 4 10.201000 660 0 10.193000 502 0 10.314000 543 0 10.225000 435 1064 10.249000 600 60 10.305000 225 20 10.240000 800 1044 10.232000 667 4 10.334000 342 1032 10.210000 510 0 10.260000 539 0 10.308000 
810 1052 60.476002 221 84 10.273000 328 52 10.250000 755 1064 10.238000 304 24 10.234000 720 1028 10.243000 374 0 10.274000 660 0 10.261000 504 4 10.284000 542 0 10.307000 395 1096 10.225000 638 76 10.367000 225 8 10.223000 793 1032 10.291000 671 8 10.362000 343 0 10.248000 510 0 10.240000 539 0 10.270000 
768 1112 60.506001 286 124 10.234000 363 68 10.261000 753 0 10.223000 306 0 10.252000 723 0 10.241000 374 0 10.239000 660 0 10.277000 504 0 10.271000 541 1028 10.203000 358 1104 10.207000 671 72 10.292000 217 1036 10.254000 798 4 10.217000 673 4 10.224000 342 0 10.271000 510 0 10.307000 539 0 10.269000 
707 1148 60.477001 347 128 10.344000 418 112 10.283000 742 1056 10.258972 311 0 10.246000 723 0 10.318000 374 0 10.235000 660 0 10.242000 504 0 10.339000 540 0 10.224000 339 1064 10.219000 686 28 10.274000 201 1056 10.226000 812 32 10.175000 680 12 10.243000 341 0 10.214000 510 0 10.218000 540 0 10.275000 
660 1128 60.356998 402 100 10.240000 484 140 10.323000 695 1096 10.214000 326 28 10.205000 717 1032 10.261000 380 12 10.283000 667 16 10.209000 504 0 10.244000 540 0 10.215000 335 1032 10.392000 695 20 10.311000 178 1072 10.267000 838 52 10.345000 693 28 10.290000 331 1040 10.264000 509 1028 10.339000 540 0 10.365000 
641 1064 60.418999 460 120 10.443000 537 96 10.300000 622 1176 10.402000 341 32 10.285000 695 1072 10.263000 385 16 10.256000 672 8 10.320000 505 0 10.281000 541 4 10.222000 333 1028 10.266000 707 28 10.336000 167 1040 10.220000 853 28 10.214000 701 16 10.270000 322 1044 10.228000 508 1028 10.164000 540 0 10.239000 
636 1036 60.462002 505 84 10.362000 550 52 10.287000 592 1088 10.344000 343 0 10.265000 684 1040 10.322000 390 8 10.272000 675 4 10.274000 507 4 10.361000 543 4 10.269000 332 1032 10.328000 710 16 10.364000 165 1028 10.264000 860 20 10.341000 703 4 10.306000 315 1040 10.292000 508 0 10.216000 540 0 10.370000 
636 0 60.506001 508 20 10.378000 550 4 10.293000 592 4 10.264000 343 0 10.323000 684 1028 10.382000 386 1036 10.233000 670 1032 10.260000 506 0 10.311000 543 1028 10.234985 332 4 10.200000 703 1036 10.293000 160 1032 10.227000 858 1028 10.210000 703 0 10.250000 317 0 10.212000 509 4 10.234000 540 4 10.276000 
631 0 60.344002 513 8 10.326000 554 4 10.334000 583 1044 10.252000 348 0 10.252000 674 1036 10.428000 388 1028 10.305000 672 4 10.285000 506 0 10.424000 542 4 10.229000 326 1036 10.242000 711 28 10.397000 162 8 10.226000 858 1036 10.221000 708 4 10.324000 313 1032 10.262000 508 0 10.266000 540 0 10.265000 
578 1112 60.458000 516 4 10.234000 567 28 10.220000 540 1108 10.224000 368 44 10.282000 647 1080 10.253000 389 4 10.265000 672 0 10.243000 506 0 10.380000 542 0 10.273000 314 1048 10.298000 721 20 10.369000 152 1044 10.327000 866 28 10.240000 716 16 10.375000 306 1036 10.246000 508 0 10.314000 541 0 10.348000 
504 1184 60.311001 532 36 10.220000 567 0 10.306000 513 1080 10.204000 385 32 10.238000 634 1048 10.329000 388 0 10.214000 671 0 10.276000 506 0 10.255000 542 0 10.245000 305 1044 10.225000 728 16 10.328000 140 1048 10.216000 877 24 10.275000 725 16 10.278000 300 1040 10.217000 508 0 10.265000 541 0 10.284000 
445 1140 60.523998 564 68 10.281000 565 1028 10.258000 502 1048 10.252000 409 52 10.245000 620 1048 10.327000 389 0 10.255000 670 1028 10.267000 506 0 10.301000 541 1028 10.266000 306 1028 10.226000 723 1028 10.308000 134 1036 10.205000 877 4 10.209000 729 4 10.296000 295 1036 10.232971 509 0 10.245000 542 0 10.269000 
423 1060 60.469002 577 28 10.251000 563 0 10.248000 494 1044 10.218000 431 44 10.264000 604 1064 10.270000 389 0 10.246000 669 0 10.283000 506 0 10.289000 542 0 10.240000 309 4 10.187000 719 1032 10.288000 132 1028 10.274000 876 1028 10.258000 729 0 10.375000 295 0 10.242000 510 4 10.233000 542 0 10.350000 
418 1044 60.373001 583 16 10.293000 555 1044 10.301000 495 4 10.226000 434 12 10.254000 601 1032 10.276000 389 0 10.210000 668 1028 10.198000 506 0 10.306000 541 4 10.218000 310 0 10.260000 718 1028 10.330000 132 0 10.224000 877 4 10.288000 729 0 10.270000 295 0 10.232000 510 0 10.282000 542 0 10.323000 
413 1036 60.422001 582 1028 10.199000 538 1060 10.263000 515 16 10.296000 428 1032 10.208000 611 28 10.222000 386 1028 10.289000 663 1032 10.206000 506 0 10.200000 542 4 10.278000 310 0 10.207000 718 0 10.260000 133 4 10.323000 882 12 10.238000 728 0 10.264000 292 0 10.280000 510 0 10.254000 541 0 10.307000 
418 12 60.520000 581 1028 10.321000 485 1152 10.298000 589 144 10.310000 403 1080 10.298000 629 32 10.319000 383 1032 10.246000 659 1036 10.238000 506 0 10.306000 543 4 10.215000 320 12 10.265000 705 1036 10.294000 136 12 10.247000 876 1040 10.240000 725 1032 10.307000 291 1028 10.232000 510 0 10.266000 542 1028 10.292000 
427 20 60.460999 581 4 10.302000 432 1160 10.282000 666 156 10.221000 388 1048 10.292000 632 16 10.331000 381 1032 10.247000 655 1032 10.311000 506 0 10.276000 543 0 10.235000 333 32 10.248000 685 1064 10.332000 141 8 10.282000 862 1052 10.333000 723 0 10.394000 292 4 10.238000 516 12 10.250000 545 4 10.399000 
455 64 60.491001 582 0 10.372000 435 8 10.324000 763 208 10.256000 419 76 10.267000 652 40 10.300000 374 1036 10.256000 650 1036 10.226000 506 0 10.288000 543 0 10.269000 336 8 10.247000 666 1064 10.272000 142 4 10.224000 844 1064 10.216000 725 1028 10.305000 292 0 10.222000 521 12 10.234000 548 4 10.301000 
475 48 60.478001 583 0 10.369000 445 24 10.324000 856 204 10.279000 460 92 10.295000 656 8 10.437000 370 1032 10.249000 646 1032 10.280000 504 1028 10.357000 541 1028 10.215000 343 12 10.255000 647 1060 10.252000 142 0 10.206000 833 1048 10.230000 726 4 10.245000 293 4 10.237000 525 8 10.236000 552 4 10.291000 
489 32 60.358002 582 0 10.258000 456 24 10.279000 900 136 10.237000 495 76 10.263000 666 28 10.333000 363 1036 10.254000 639 1036 10.230000 504 0 10.251000 541 0 10.244000 346 8 10.266000 630 1056 10.306000 142 0 10.227000 820 1048 10.372000 725 1028 10.340000 295 8 10.309000 528 4 10.280000 555 8 10.337000 
493 12 60.569000 582 0 10.400000 457 8 10.399000 902 0 10.247000 519 48 10.229004 693 48 10.345000 355 1036 10.294000 631 1044 10.294000 504 0 10.240000 541 0 10.268000 346 0 10.299000 624 1044 10.315000 142 0 10.305000 818 0 10.232000 724 0 10.366000 298 4 10.310000 529 4 10.300000 555 0 10.427000 
490 1032 60.548000 587 0 10.349000 431 1060 10.357000 895 1036 10.258000 504 1064 10.305000 680 0 10.396000 368 20 10.440000 645 28 10.308000 500 1028 10.274000 539 1028 10.277000 354 12 10.226000 632 16 10.324000 148 8 10.243000 823 4 10.281000 726 4 10.343000 300 4 10.233000 525 1036 10.229000 550 1036 10.296000 
490 0 60.592999 579 1048 10.303000 373 1140 10.422000 855 1116 10.263000 460 1124 10.230000 625 1136 10.286000 383 28 10.240000 679 64 10.233000 491 1044 10.305000 529 1044 10.210000 369 28 10.244000 651 40 10.296000 159 20 10.216000 836 28 10.217000 729 4 10.289000 300 0 10.214000 512 1052 10.210000 536 1048 10.262000 
490 0 60.289001 562 1060 10.187000 310 1152 10.229000 819 1108 10.288000 406 1140 10.233000 577 1120 10.240000 404 44 10.247000 704 48 10.288000 482 1044 10.303000 524 1036 10.235000 378 20 10.331000 669 32 10.204000 165 12 10.217000 844 16 10.199000 733 12 10.301000 300 0 10.214000 498 1052 10.261000 524 1048 10.279000 
491 4 60.466000 534 1084 10.252000 259 1124 10.163000 793 1080 10.220000 359 1120 10.232000 547 1088 10.320000 422 40 10.244000 722 36 10.216000 473 1044 10.277000 517 1032 10.305000 383 8 10.322021 681 28 10.325000 166 4 10.308000 852 16 10.352000 735 4 10.375000 300 0 10.311000 486 1052 10.296000 514 1040 10.274000 
485 1032 60.547001 513 1060 10.335000 216 1116 10.378000 763 1084 10.287000 326 1088 10.310000 522 1076 10.343000 432 16 10.269000 731 20 10.271000 464 1044 10.368000 511 1036 10.273000 383 0 10.262000 686 16 10.321000 165 1028 10.258000 856 12 10.239000 736 1028 10.313000 302 8 10.249000 477 1044 10.290000 510 1036 10.260000 
469 1052 60.459999 490 1064 10.282000 179 1104 10.239000 740 1068 10.210000 314 1040 10.288000 504 1068 10.250000 432 0 10.229000 731 0 10.260000 458 1032 10.290000 506 1040 10.234000 383 0 10.230000 685 1028 10.323000 165 0 10.287000 856 0 10.334000 733 0 10.349000 305 8 10.249000 474 1032 10.291000 506 1036 10.336000 
455 1044 60.500000 444 1128 10.337000 149 1088 10.328000 727 1052 10.288000 310 1036 10.338000 499 1036 10.389000 432 1028 10.302000 733 8 10.280000 456 1028 10.395000 503 1032 10.303000 385 4 10.293000 683 1032 10.377000 168 8 10.291000 853 1028 10.268000 730 1032 10.399000 309 8 10.303000 472 1028 10.306000 503 1028 10.324000 
451 1028 60.564999 380 1148 10.361000 141 1032 10.379000 724 1032 10.294000 308 1028 10.286000 501 4 10.368000 433 0 10.270000 735 0 10.280000 453 1028 10.340000 501 1032 10.270000 385 0 10.268000 679 0 10.366000 167 0 10.244000 852 0 10.271000 731 0 10.280000 310 4 10.260010 472 0 10.246000 503 4 10.392000 
438 1052 60.549999 313 1156 10.364000 142 4 10.388000 730 0 10.314000 308 0 10.285000 502 4 10.321000 433 0 10.245000 735 0 10.298000 452 1028 10.283000 501 0 10.271000 385 0 10.335000 676 1032 10.347000 165 1032 10.310000 851 1028 10.307000 735 12 10.392000 310 0 10.279000 472 0 10.241000 507 0 10.295000 
441 4 60.455002 245 1160 10.398000 142 0 10.311000 755 52 10.296000 309 4 10.291000 514 28 10.355000 433 0 10.296000 735 0 10.302000 451 1028 10.430000 500 0 10.295000 385 0 10.264000 672 1036 10.346000 160 1032 10.230000 851 1028 10.279000 736 0 10.326000 309 0 10.227000 473 4 10.167000 507 0 10.310000 
442 4 60.460999 192 1140 10.293000 142 0 10.286000 782 60 10.226000 308 0 10.312000 526 28 10.294000 433 0 10.268000 733 0 10.276000 451 0 10.254000 501 0 10.222000 385 0 10.230000 673 4 10.286000 160 0 10.263000 854 8 10.261000 736 4 10.241000 308 1028 10.222000 473 0 10.221000 507 0 10.312000 
443 0 60.469002 162 1088 10.289000 142 0 10.243000 795 20 10.262000 308 1028 10.371000 529 8 10.354000 430 0 10.286000 730 1028 10.317000 453 8 10.381000 502 0 10.310000 385 0 10.308000 673 0 10.295000 162 4 10.252000 855 4 10.257000 734 0 10.380000 306 1028 10.245000 473 0 10.333000 507 0 10.283000 
444 0 60.515015 146 1060 10.351000 141 0 10.266000 797 4 10.260000 306 0 10.308000 529 0 10.386000 427 1028 10.260000 724 1032 10.241000 457 8 10.314000 503 4 10.213000 382 1032 10.216000 673 1028 10.401000 162 0 10.261000 853 1032 10.264000 735 0 10.307000 305 1028 10.262000 475 4 10.238000 509 8 10.353000 
451 12 60.578999 155 24 10.307000 133 1040 10.331000 799 0 10.245000 300 1044 10.285000 529 0 10.374000 421 1036 10.253000 716 1040 10.289000 458 0 10.329000 503 0 10.235000 376 1028 10.283000 674 0 10.312000 160 0 10.265000 851 1028 10.324000 733 1028 10.370000 304 0 10.266000 475 0 10.249000 509 0 10.280000 
462 28 60.515999 204 108 10.347000 128 1036 10.380000 795 1036 10.282000 292 1036 10.336000 527 1032 10.389000 408 1048 10.261000 704 1048 10.341000 464 12 10.342000 508 12 10.289000 371 1036 10.275000 671 1028 10.335000 160 0 10.298000 854 8 10.281000 728 1036 10.324000 300 1032 10.309000 478 8 10.330000 510 0 10.414000 
465 4 60.278000 225 44 10.163000 125 1028 10.185000 788 1040 10.181000 281 1048 10.205000 528 1028 10.219000 393 1060 10.246000 686 1064 10.287000 473 16 10.254000 513 16 10.207000 366 1036 10.211000 667 1036 10.255000 160 0 10.255000 858 4 10.200000 725 1032 10.245000 293 1036 10.240000 481 8 10.271000 511 4 10.190000 
465 0 60.349998 237 24 10.214000 126 0 10.279000 826 104 10.262000 277 1040 10.323975 572 84 10.292000 389 1036 10.237000 679 1032 10.258000 473 4 10.264000 513 0 10.405000 365 1028 10.236000 664 1028 10.238000 156 1032 10.341000 864 16 10.201000 725 0 10.224000 290 1032 10.337000 483 0 10.211000 511 0 10.221000 
464 1028 60.441002 228 1048 10.292000 133 12 10.264000 861 92 10.218000 274 1028 10.280000 634 132 10.282000 386 1028 10.240000 677 1032 10.243000 477 8 10.337000 515 4 10.282000 365 0 10.286000 668 8 10.271000 156 0 10.208000 870 12 10.223000 725 0 10.315000 285 1032 10.235000 483 0 10.272000 511 0 10.333000 
464 0 60.450001 225 0 10.297000 138 12 10.319000 847 1052 10.232000 252 1072 10.300000 676 76 10.330000 382 1032 10.294000 672 1036 10.272000 481 12 10.370000 520 8 10.274000 365 0 10.295000 669 0 10.409000 157 4 10.276000 874 8 10.336000 723 0 10.327000 282 1028 10.253000 483 0 10.236000 511 0 10.347000 
462 0 60.497002 221 1036 10.280000 146 16 10.226000 819 1080 10.211000 237 1052 10.262000 716 72 10.267000 381 0 10.250000 669 1028 10.276000 483 4 10.290000 521 0 10.250000 365 0 10.309000 671 4 10.282000 157 0 10.247000 876 4 10.231000 723 0 10.263000 281 1028 10.210000 483 0 10.222000 510 0 10.291000 
460 0 60.471001 219 1032 10.288000 154 16 10.247000 801 1060 10.213000 230 1036 10.304000 759 88 10.295000 379 1028 10.234000 668 1028 10.278000 484 4 10.317000 522 0 10.294983 365 0 10.314000 673 8 10.358000 157 0 10.344000 878 4 10.378000 723 0 10.374000 279 0 10.277000 483 0 10.386000 510 1028 10.321000 
460 0 60.424999 234 24 10.307000 157 8 10.276000 782 1068 10.239000 227 1028 10.200000 797 84 10.375000 376 1028 10.267000 663 1032 10.260000 488 8 10.443000 524 4 10.315000 362 1028 10.298000 676 4 10.400000 156 0 10.282000 880 4 10.255000 723 0 10.361000 276 0 10.267000 483 0 10.248000 511 0 10.292000 
462 4 60.450001 266 64 10.250000 155 1028 10.286000 768 1052 10.201000 227 4 10.220000 806 16 10.318000 371 1036 10.235000 658 1036 10.216000 488 0 10.302000 523 1028 10.239000 354 1044 10.240000 676 0 10.232000 150 1036 10.203000 880 0 10.216000 723 0 10.248000 275 0 10.262000 483 0 10.264000 511 0 10.323000 
462 0 60.393002 304 80 10.315000 155 0 10.322000 767 0 10.235000 230 4 10.300000 815 16 10.298000 365 1032 10.267000 650 1036 10.332000 488 0 10.319000 523 0 10.265000 349 1036 10.226000 676 0 10.383000 149 0 10.242000 880 0 10.234000 721 1028 10.316000 275 0 10.283000 486 8 10.253000 513 4 10.313000 
463 0 60.487000 341 76 10.358000 155 0 10.397000 765 0 10.335000 230 0 10.256000 818 12 10.436000 360 1032 10.242000 643 1040 10.211000 490 8 10.311000 524 4 10.245000 346 1028 10.298000 674 1032 10.332000 149 0 10.226000 877 1032 10.303000 719 1028 10.384000 272 1028 10.315002 488 4 10.297000 515 4 10.376000 
