327 688 277 724 410 610 362 678 492 531 383 641 277 740 640 377 491 530 
327 689 277 724 410 610 362 678 492 531 383 641 277 740 640 377 491 530 
331 680 276 723 410 610 362 679 492 531 383 641 277 740 640 377 491 530 
349 659 276 722 410 610 361 679 492 531 384 638 277 739 640 377 491 530 
402 609 278 713 410 610 361 679 492 530 384 638 277 739 640 377 491 530 
462 557 279 694 410 607 361 679 492 530 384 638 277 739 640 377 491 530 
504 516 288 663 411 601 361 678 491 530 384 638 277 739 640 377 491 530 
514 502 275 651 402 600 361 679 491 530 384 639 277 740 640 377 491 530 
515 501 220 635 373 595 361 679 491 530 385 641 277 740 640 377 491 530 
515 500 153 608 343 587 361 680 491 530 385 641 276 740 640 377 491 530 
511 493 130 584 306 580 362 683 491 530 386 641 279 740 640 377 491 530 
508 488 124 569 257 576 362 685 492 530 386 639 279 739 640 377 491 530 
504 488 124 569 217 576 361 685 492 530 386 638 279 739 639 377 491 530 
502 488 129 570 222 582 361 684 491 530 384 636 279 738 639 377 491 530 
501 485 163 597 257 613 361 684 491 530 383 635 279 738 639 377 491 530 
500 483 221 647 308 666 361 684 491 530 383 635 279 738 639 377 491 530 
507 479 282 703 351 716 361 684 491 530 382 634 279 738 639 376 491 530 
509 478 338 768 392 758 361 684 491 530 382 634 279 738 639 376 491 530 
509 478 390 827 425 782 361 683 491 530 382 634 279 738 639 376 491 530 
508 481 434 875 452 798 361 684 491 530 382 633 279 738 639 376 491 530 
507 486 466 883 468 814 361 684 491 530 381 631 279 738 638 374 491 530 
506 489 512 884 482 821 361 684 491 530 381 631 279 738 639 374 491 530 
507 489 529 884 485 828 361 684 491 530 382 632 279 738 639 374 492 530 
507 484 521 876 478 808 361 687 492 530 384 632 279 738 639 374 492 530 
508 482 480 836 443 757 361 693 492 530 384 632 279 738 639 374 492 530 
510 482 423 772 401 716 361 697 491 530 385 631 279 738 639 374 492 530 
510 483 349 699 359 675 361 701 491 530 384 631 279 738 639 374 492 530 
504 482 255 624 310 636 361 702 491 530 383 632 279 738 639 374 491 530 
498 482 167 565 276 605 361 701 491 530 383 631 279 737 639 374 491 530 
489 476 125 533 244 587 361 701 491 530 384 631 279 735 639 374 491 530 
481 474 122 521 217 583 361 701 490 530 383 631 279 732 639 374 491 530 
477 477 125 523 217 585 361 700 490 530 383 631 279 729 639 374 491 530 
477 474 126 536 220 600 361 700 490 530 383 631 279 729 639 374 492 530 
484 473 153 559 239 631 361 700 490 530 383 631 279 729 639 374 492 530 
491 473 190 601 259 674 361 699 490 530 383 631 279 729 639 374 492 530 
489 478 218 653 272 721 361 699 490 530 383 631 279 729 639 374 492 530 
489 489 223 709 265 762 361 699 490 530 382 631 279 729 639 374 492 530 
488 510 222 751 249 792 361 699 491 530 381 631 279 729 638 374 492 530 
487 528 217 770 214 807 361 699 491 530 382 630 279 729 638 374 492 530 
480 542 218 780 187 816 361 699 491 530 381 630 279 729 638 374 492 530 
478 544 224 786 186 818 361 699 491 530 382 630 279 729 638 374 492 530 
479 540 229 788 186 816 361 699 491 530 383 630 279 729 638 374 492 530 
501 525 233 787 186 817 361 699 491 530 384 630 279 729 639 374 492 530 
543 485 235 787 186 816 361 699 491 530 384 630 279 729 639 374 492 530 
592 447 235 783 186 815 361 701 491 530 384 629 279 729 639 374 492 530 
639 408 235 783 186 816 361 701 491 530 384 627 279 729 639 375 492 530 
675 362 236 785 186 816 361 701 491 530 384 627 279 729 639 374 492 530 
712 321 240 783 186 816 361 702 491 530 384 626 279 729 639 374 492 530 
733 294 244 783 186 816 361 702 491 530 382 624 279 729 639 374 492 530 
730 290 244 787 185 815 361 702 490 530 382 624 279 729 639 376 492 530 
721 294 247 769 185 809 361 701 490 530 379 624 279 729 639 374 491 530 
665 358 270 717 185 792 361 699 491 531 373 624 277 729 639 374 491 530 
533 459 332 630 186 763 362 697 491 533 373 624 277 729 639 374 491 530 
446 515 391 566 198 738 360 697 492 534 373 624 277 730 639 374 491 530 
410 564 438 539 236 722 361 697 493 534 373 624 277 730 639 374 491 530 
373 601 490 518 295 705 362 699 493 534 374 624 277 730 639 374 491 530 
335 626 526 496 363 685 362 701 493 534 375 624 277 729 639 374 491 530 
305 649 530 484 405 672 362 701 493 533 375 624 277 729 639 374 491 530 
284 680 529 480 435 658 362 701 493 533 375 624 277 729 639 374 491 530 
270 720 528 480 457 657 362 701 492 533 376 624 277 729 639 374 491 530 
268 723 525 482 456 658 362 702 491 531 378 624 277 729 639 374 491 530 
268 719 522 483 456 659 362 702 492 531 378 624 277 729 639 374 491 530 
275 710 512 489 456 663 361 702 492 531 381 623 279 729 639 375 492 531 
335 634 497 509 444 671 361 704 492 530 382 618 279 726 639 377 492 533 
433 536 484 529 420 686 361 705 492 530 384 613 281 721 639 378 492 533 
509 456 478 532 401 699 361 707 492 530 385 611 282 720 639 378 492 533 
595 372 477 531 375 712 361 707 492 530 385 606 283 716 639 382 492 533 
691 293 460 533 333 744 361 707 491 529 386 605 283 713 639 384 491 533 
773 248 434 533 285 779 361 708 490 529 385 605 283 713 639 384 491 533 
818 220 420 531 253 798 361 709 490 530 386 605 283 713 644 382 491 532 
825 209 423 530 246 798 361 709 490 530 386 605 285 713 645 382 491 532 
826 209 426 523 246 799 361 709 491 530 386 606 285 713 640 382 491 532 
827 207 422 528 234 821 361 709 491 530 385 606 285 713 639 382 491 531 
833 198 412 539 209 859 361 709 491 530 383 606 284 712 638 382 491 531 
842 185 395 559 179 866 361 709 491 530 382 606 283 712 637 383 491 531 
854 175 379 598 165 866 361 709 491 530 381 606 283 712 635 382 491 531 
863 162 363 642 165 866 361 709 491 530 381 606 283 712 634 382 491 531 
871 161 353 664 165 866 361 708 491 530 381 607 283 712 634 382 491 531 
870 166 341 683 165 866 361 708 491 530 381 607 283 712 635 382 491 531 
864 166 329 689 166 866 361 708 492 534 381 609 285 712 635 382 491 531 
820 161 329 691 178 866 362 707 491 535 381 613 285 712 636 382 491 531 
742 152 329 691 186 866 361 707 491 535 381 613 284 712 635 382 491 532 
649 153 329 689 186 865 361 707 491 535 382 615 284 712 635 382 491 532 
578 165 329 688 186 864 361 707 491 535 383 614 284 713 635 382 491 532 
558 185 328 688 186 864 361 708 491 535 384 613 284 712 635 382 492 532 
546 186 323 691 183 864 361 708 491 534 384 613 284 712 635 382 492 532 
534 196 297 693 166 865 361 709 491 534 384 612 284 712 634 382 492 532 
528 202 261 703 162 865 361 709 491 534 384 611 284 712 632 382 492 532 
515 199 258 703 173 865 361 709 491 534 384 611 284 712 634 382 491 532 
501 195 304 703 217 865 361 709 491 534 385 611 284 712 634 382 491 532 
498 193 336 703 237 865 361 710 491 534 386 611 284 712 634 382 490 532 
502 201 306 703 205 865 361 710 491 530 386 607 284 712 632 382 492 530 
500 212 264 703 162 865 360 697 491 530 385 603 285 712 632 382 492 530 
503 218 238 703 160 864 360 677 491 530 385 603 285 710 632 382 492 530 
529 274 244 692 166 854 361 660 491 530 383 603 285 710 632 383 492 530 
578 370 278 679 185 845 361 658 492 530 383 603 285 710 634 383 492 530 
