-2 -1 -1 30.362000
-2 -1 -1 70.848999
-2 -1 -1 111.343994
-2 -1 -1 151.830017
-2 -1 -1 192.367004
-2 -1 -1 232.900024
-2 -1 -1 273.388977
-2 -1 -1 313.885010
-2 -1 -1 354.468018
-2 -1 -1 394.945984
-2 -1 -1 435.437012
-2 -1 -1 476.002991
-2 -1 -1 516.420044
-2 -1 -1 556.752991
-2 -1 -1 597.202026
-2 -1 -1 637.688965
-2 -1 -1 678.213989
-2 -1 -1 718.829956
-2 -1 -1 759.354980
-2 -1 -1 799.825989
-2 -1 -1 840.364990
-2 -1 -1 880.789001
-2 -1 -1 921.160034
-2 -1 -1 961.510986
-2 -1 -1 1001.914978
-2 -1 -1 1042.461914
-2 -1 -1 1082.961914
-2 -1 -1 1123.314941
-2 -1 -1 1163.699951
-2 -1 -1 1204.163086
-2 -1 -1 1244.586914
-2 -1 -1 1284.968018
-2 -1 -1 1325.439941
-2 -1 -1 1365.963013
-2 -1 -1 1406.532959
-2 -1 -1 1447.122070
-2 -1 -1 1487.659912
-2 -1 -1 1528.302979
-2 -1 -1 1568.911987
-2 -1 -1 1609.407959
-2 -1 -1 1649.895020
-2 -1 -1 1690.303955
-2 -1 -1 1730.789062
-2 -1 -1 1771.280029
-2 -1 -1 1811.639038
-2 -1 -1 1852.112061
-2 -1 -1 1892.628052
-2 -1 -1 1933.239990
-2 -1 -1 1973.685059
-2 -1 -1 2014.300049
-2 -1 -1 2054.875977
-2 -1 -1 2095.421875
-2 -1 -1 2135.982910
-2 -1 -1 2176.437988
-2 -1 -1 2216.911133
-2 -1 -1 2257.362061
-2 -1 -1 2297.791992
-2 -1 -1 2338.300049
-2 -1 -1 2378.845947
-2 -1 -1 2419.400879
-2 -1 -1 2459.970947
-2 -1 -1 2500.540039
-2 -1 -1 2541.153076
-2 -1 -1 2581.685059
-2 -1 -1 2622.250977
-2 -1 -1 2662.781006
-2 -1 -1 2703.203125
-2 -1 -1 2743.656006
-2 -1 -1 2784.137939
-2 -1 -1 2824.690918
-2 -1 -1 2865.245117
-2 -1 -1 2905.708008
-2 -1 -1 2946.163086
-2 -1 -1 2986.716064
-2 -1 -1 3027.336914
-2 -1 -1 3067.792969
-2 -1 -1 3108.280029
-2 -1 -1 3148.828125
-2 -1 -1 3189.293945
-2 -1 -1 3229.934082
-2 -1 -1 3270.536133
-2 -1 -1 3311.059082
-2 -1 -1 3351.412109
-2 -1 -1 3391.883057
-2 -1 -1 3432.376953
-2 -1 -1 3472.882080
-2 -1 -1 3513.479980
-2 -1 -1 3553.871094
-2 -1 -1 3594.404053
-2 -1 -1 3634.938965
-2 -1 -1 3675.388916
-2 -1 -1 3715.891113
-2 -1 -1 3756.464111
-2 -1 -1 3796.967041
-2 -1 -1 3837.602051
-2 -1 -1 3878.068115
-2 -1 -1 3918.479004
-2 -1 -1 3958.919922
-2 -1 -1 3999.655029
