247 0 10.291000 794 0 10.391000 247 0 10.291000 766 0 10.223000 465 0 10.272000 531 0 10.307000 366 0 10.282000 675 0 10.320000 514 0 10.272000 514 0 10.265000 289 0 10.296000 767 0 10.298000 22 0 10.277000 994 0 10.307000 772 0 10.329000 283 0 10.397000 505 0 10.327000 507 0 10.261000 
247 0 110.334000 794 0 10.238000 247 8 10.202000 766 0 10.187000 465 0 10.281000 531 0 10.368000 366 0 10.246000 675 0 10.209000 515 1028 10.248000 514 0 10.299000 289 0 10.342000 767 0 10.242000 22 0 10.340000 994 0 10.231000 770 0 10.176000 283 0 10.294000 505 0 10.319000 507 0 10.313000 
243 1028 10.312000 789 1040 10.331000 247 0 10.286000 766 0 10.252000 465 0 10.274000 531 0 10.270996 365 1028 10.249000 672 1028 10.259000 515 0 10.391000 514 0 10.318000 289 0 10.338000 767 0 10.327000 22 0 10.226000 994 0 10.348000 770 0 10.316000 283 0 10.279000 504 1028 10.320000 507 0 10.340000 
233 1052 10.335000 781 1048 10.365000 247 0 10.321000 766 0 10.368000 465 0 10.602000 531 0 10.226000 365 0 10.223000 671 0 10.320000 515 0 10.212000 514 0 10.280000 289 0 10.306000 767 0 10.248000 22 0 10.289000 994 0 10.229000 771 4 10.241000 283 0 10.280000 504 0 10.185000 507 0 10.245000 
221 1052 10.252000 766 1060 10.335000 248 4 10.268000 766 0 10.253000 465 0 10.302000 531 0 10.262000 365 0 10.219000 671 1028 10.234000 515 0 10.242000 515 4 10.223000 289 0 10.263000 767 0 10.214000 22 0 10.227000 994 0 10.271000 771 0 10.252000 283 0 10.270000 503 1028 10.246000 507 0 10.305000 
207 1056 10.231000 748 1072 10.344000 249 0 10.202000 766 0 10.199000 465 0 10.188000 531 0 10.164000 364 1028 10.145000 671 0 10.152000 515 0 10.196000 516 0 10.159000 289 0 10.173000 767 0 10.146000 22 0 10.148000 994 0 10.146000 770 1028 10.150000 284 4 10.149000 503 0 10.147000 507 0 10.190000 
194 1060 10.168000 719 1104 10.155000 255 16 10.185000 767 4 10.161000 465 0 10.142000 531 0 10.174000 363 4 10.207000 671 0 10.151000 514 0 10.161000 516 4 10.201000 289 0 10.200000 765 0 10.166000 22 0 10.211000 993 1028 10.159000 770 0 10.218000 286 4 10.231000 503 0 10.258000 507 0 10.178000 
181 1052 10.258000 678 1120 10.271000 261 20 10.199000 767 0 10.306000 464 0 10.314000 531 0 10.329000 362 1028 10.295000 672 0 10.258000 514 0 10.298000 516 0 10.229000 289 0 10.320000 765 0 10.286000 22 0 10.238000 993 0 10.239990 770 0 10.214000 286 4 10.268000 503 0 10.217000 507 0 10.316000 
172 1052 10.283000 634 1140 10.299000 266 12 10.257000 767 0 10.243000 465 0 10.287000 531 0 10.272000 362 0 10.233000 672 0 10.223000 513 1028 10.234000 515 1028 10.237000 289 0 10.202000 765 0 10.283000 22 0 10.333000 993 0 10.246000 770 0 10.306000 286 0 10.290000 503 0 10.308000 507 0 10.323000 
168 1040 10.323000 602 1120 10.270000 266 4 10.271000 767 0 10.283000 465 1028 10.268000 531 0 10.300000 362 0 10.267000 672 0 10.227000 512 1028 10.282000 515 0 10.344000 289 0 10.378000 765 0 10.268000 22 0 10.240000 993 0 10.171000 770 0 10.258000 286 0 10.212000 503 0 10.270000 507 0 10.240000 
180 16 10.220000 622 1032 10.249000 262 1032 10.206000 767 0 10.198000 464 1028 10.206000 531 0 10.244000 362 0 10.347000 674 4 10.283000 512 0 10.269000 515 0 10.196000 290 0 10.181000 765 0 10.183000 22 0 10.221000 993 0 10.222000 770 0 10.258000 286 0 10.259000 503 0 10.194000 507 0 10.201000 
204 60 10.236000 661 100 10.250000 258 1036 10.245000 767 0 10.302000 464 0 10.327000 531 0 10.256000 362 4 10.273000 674 0 10.250000 512 0 10.236000 516 0 10.240000 289 0 10.263000 765 0 10.210000 22 0 10.327000 993 0 10.368000 770 0 10.256000 286 0 10.344000 503 0 10.293000 507 0 10.252000 
239 80 10.257000 703 108 10.318000 255 1036 10.262000 767 0 10.245000 464 0 10.245000 531 1028 10.245000 363 0 10.288000 676 4 10.339000 512 0 10.263000 517 4 10.248000 289 0 10.298000 765 0 10.244000 22 0 10.222000 993 0 10.216000 770 0 10.231000 286 0 10.321000 503 0 10.248000 507 0 10.248000 
279 104 10.278000 744 104 10.250000 255 0 10.268005 766 1028 10.280000 464 0 10.232000 531 1028 10.203000 362 1028 10.334000 677 4 10.224000 512 0 10.212000 517 0 10.233000 289 0 10.338000 765 0 10.267000 22 0 10.300000 993 0 10.253000 769 0 10.306000 286 0 10.222000 503 0 10.185000 507 0 10.276000 
325 108 10.230000 785 104 10.327000 255 0 10.270000 766 0 10.245000 464 0 10.246000 530 0 10.265000 362 0 10.248000 677 0 10.369000 512 0 10.300000 517 0 10.330000 290 1028 10.306000 765 0 10.244000 22 0 10.230000 993 0 10.231000 770 0 10.222000 287 0 10.196000 504 4 10.217000 507 0 10.210000 
363 112 10.246000 826 116 10.268000 255 0 10.292000 765 1028 10.306000 464 0 10.339000 530 4 10.286000 362 0 10.241000 679 4 10.267000 512 0 10.250000 517 0 10.258000 290 4 10.321000 765 0 10.262000 22 0 10.287000 993 0 10.242000 769 0 10.333000 289 4 10.241000 504 0 10.215000 507 0 10.227000 
387 64 10.266000 855 76 10.239000 256 0 10.239000 765 0 10.261000 464 0 10.304000 530 1028 10.268000 362 0 10.243000 679 0 10.268000 512 0 10.257000 517 1028 10.265000 290 0 10.283000 766 0 10.230000 22 0 10.254000 993 0 10.287000 770 0 10.256000 289 0 10.269000 504 0 10.234000 507 0 10.263000 
381 12 10.294000 856 40 10.254000 255 4 10.284000 768 4 10.271000 464 0 10.248000 530 4 10.336000 362 0 10.318000 677 1032 10.292000 512 0 10.267000 516 0 10.300000 290 0 10.220000 766 0 10.274000 22 0 10.250000 993 0 10.364000 770 4 10.199000 289 0 10.187000 503 0 10.172000 507 0 10.235000 
355 1092 10.220000 841 1064 10.265000 255 0 10.256000 771 12 10.211000 464 0 10.320000 530 1028 10.269000 362 0 10.278000 677 0 10.296000 512 1028 10.272000 515 0 10.239000 290 0 10.182983 766 0 10.219000 22 0 10.213000 993 0 10.223000 770 0 10.254000 289 0 10.199000 503 1028 10.288000 507 0 10.209000 
314 1120 10.327000 810 1100 10.272000 251 1028 10.239000 772 0 10.284000 464 0 10.235000 530 0 10.313000 361 0 10.235000 677 0 10.300000 512 4 10.426000 514 1028 10.297000 290 0 10.248000 765 1028 10.234000 22 0 10.274000 993 0 10.266000 770 0 10.281000 287 1028 10.195000 503 0 10.186000 507 0 10.170000 
272 1128 10.192000 771 1116 10.191000 249 1036 10.206000 772 0 10.232000 464 0 10.334000 531 0 10.318000 359 1028 10.307000 677 0 10.340000 512 0 10.280000 514 0 10.317000 290 0 10.393000 765 0 10.283000 22 0 10.354000 993 0 10.370000 770 0 10.276000 287 0 10.284000 502 0 10.333000 507 0 10.317000 
238 1116 10.322000 731 1128 10.353000 249 0 10.300000 773 4 10.315000 464 0 10.317000 531 0 10.280000 358 1028 10.304000 677 0 10.316000 512 0 10.279000 514 0 10.352000 290 0 10.272000 765 0 10.268000 22 0 10.311000 993 0 10.318000 770 0 10.322000 287 0 10.298000 502 1028 10.367000 507 0 10.317000 
212 1096 10.308000 692 1124 10.293000 249 0 10.194000 773 0 10.288000 464 0 10.294000 530 0 10.181000 358 0 10.260000 677 0 10.196000 512 0 10.303000 514 0 10.285000 290 0 10.239000 765 0 10.204000 22 0 10.327000 993 0 10.254000 770 0 10.303000 287 0 10.308000 502 0 10.373000 507 0 10.288000 
194 1068 10.329000 654 1120 10.498000 250 0 10.286000 773 0 10.210000 464 0 10.282000 530 0 10.263000 358 0 10.206000 677 0 10.327000 512 0 10.260000 514 0 10.201000 290 0 10.318000 763 0 10.315000 22 0 10.208000 993 0 10.215000 770 0 10.234000 287 0 10.206000 502 0 10.167000 507 0 10.258972 
180 1060 10.301000 609 1136 10.213000 251 4 10.191000 773 0 10.289000 464 0 10.193000 530 0 10.273000 355 1028 10.345000 677 0 10.326000 512 0 10.309000 514 0 10.346000 290 0 10.296000 763 0 10.325000 22 0 10.345000 993 0 10.345000 770 0 10.280000 287 0 10.340000 502 0 10.333000 507 0 10.268000 
