335 688 298 724 410 612 355 666 491 533 395 629 279 741 639 383 489 530
335 688 298 724 410 612 355 666 491 533 395 629 279 741 639 383 489 530
270.06 767.14 315.35 708.87 410.05 634.58 338.91 666.37 496.44 537.03 462.39 553.47 361.71 649.71 565.58 441.29 494.15 555.4
283.27 752.9 312.35 711.43 410.04 630.68 341.69 666.3 495.5 536.33 450.74 566.53 349.29 665.49 578.27 430.55 493.26 551.01
245.62 797.94 324.61 702.48 411.39 644.06 332.16 665.86 499.38 538.72 490.66 521.79 398.47 609.43 534.78 465.25 496.31 566.05
258.14 789.56 339.8 690.28 421.62 628.33 335.37 664.63 496.81 537.91 477.2 536.86 384.26 627.49 549.44 453.87 495.29 560.98
234.91 823.71 376.93 654.2 439.6 618.97 329.45 664.69 500.2 540.05 501.98 509.09 414.94 592.88 522.44 474.64 497.18 570.32
245.96 814.47 407.47 622.53 461.2 584.91 332.28 663.99 498.77 539.18 490.13 522.37 404.24 609.02 535.35 464.7 496.27 565.85
230.98 833.82 453.75 580.53 485.84 557.32 328.47 664.15 501.54 540.54 508.1 504.45 423.8 586.76 517.93 478.76 497.5 571.88
239.79 822.74 489.48 541.84 514.03 516.18 330.72 663.72 499.55 539.81 499.5 515.02 415.01 599.69 528.21 470.03 496.78 568.33
229.84 831.12 535.54 492.87 542.5 484.21 328.18 663.22 501.5 540.7 511.65 501.8 427.49 584.93 516.63 479.5 497.59 572.33
237.83 814.55 571.94 451.8 568.34 444.77 329.89 661.14 500.7 540.14 504.66 509.47 421.05 592.11 524.41 472.95 497.04 569.64
233.4 814.25 612.01 405.92 590.53 413.61 328.16 658.07 501.23 540.73 512.71 500.09 429.79 581.46 516.56 479.41 497.59 572.36
238.46 800.34 644.34 367.09 612.88 379.96 329.42 656.36 500.74 539.66 507.39 506.08 424.6 587.44 522.29 474.61 497.19 570.37
235.09 795.05 676.91 334.08 625.84 361.72 328.24 654.37 501.12 540.23 512.83 499.77 431.08 580.41 516.88 479.74 497.57 572.24
238.52 789.41 687.52 321.11 635.12 347.85 329.15 653.8 500.78 539.52 508.9 504.22 426.99 584.98 521.04 475.44 497.28 570.8
236.03 787.34 704.08 304.61 640.2 339.87 328.32 652.78 501.05 539.97 512.64 499.9 431.34 580.24 517.28 479.78 497.54 572.11
238.39 784.52 707.19 300.17 644.6 333.45 328.98 652.63 500.81 539.49 509.78 503.16 428.29 583.63 520.27 476.56 497.33 571.07
236.58 783.85 715.97 291.65 647.35 330.07 328.4 652.74 501.67 539.82 512.38 500.17 429.94 580.38 515.66 479.55 497.52 570.66
238.22 783.7 716.19 290.63 648.64 327.05 328.87 653.25 500.01 541.48 516.92 499.21 417.48 592.75 509.05 483.17 498.69 570.25
236.92 781.26 721.1 286.02 650.02 325.67 328.46 653.84 499.56 545.85 521.72 487.39 408.17 602.54 497.74 489.71 498.49 568.77
238.07 781.76 720.37 286.23 650.5 324.2 328.8 657.93 497.49 548.31 531.68 482.44 387.27 623.21 483.57 493.47 499.84 566.92
237.14 780.3 723.26 283.6 651.2 323.68 328.51 661.21 496.37 551.47 537.28 468.6 368.41 641.06 466.8 499.55 498.79 566.55
237.95 780.83 722.35 284.18 652.01 323.61 328.75 667.27 494.84 552.21 544.82 460.94 341.5 666.79 451.55 501.68 499.78 565.57
237.29 780.58 724.13 282.6 651.55 323.28 328.55 671.68 494.52 553.2 554.35 450.46 313.94 688.82 443.61 505.96 499.01 565.54
237.85 782.19 723.31 283.2 652.8 323.3 328.71 677.99 493.72 553.5 568.22 443.02 282.21 723.22 436.54 507.64 499.71 564.99
237.38 781.67 724.46 282.21 651.61 323.11 328.57 684.36 493.68 553.34 580.18 434.85 250.83 754.17 433.3 510.32 501.14 565.07
237.78 783.32 723.8 282.72 652.57 323.15 328.69 687.73 495.21 553.59 588.47 432.38 221.66 793.25 429.22 510.09 502.45 564.75
237.45 784.01 724.55 282.07 651.73 323.03 328.59 694.6 496.75 554.12 593.53 428.2 209.78 812.42 428.15 513.01 505.57 564.18
237.73 784.07 722.73 282.47 652.42 323.08 328.68 694.34 499.18 553.45 597.32 427.53 183.57 830.31 426.04 512.28 508.2 563.49
237.5 784.5 723.58 282.03 651.83 323.01 328.6 698.3 501.46 552.6 599.51 425.3 177.05 838.68 425.81 514.05 509.96 563.34
237.7 784.45 722.4 282.33 652.32 323.04 328.66 697.47 503.6 552.47 599.29 426.63 162.5 847.25 425.32 511.35 511.1 563.64
237.53 784.7 723.08 282.04 651.9 323 328.61 699.85 501.77 552.01 599.39 429 161.44 848.49 425.88 512.3 511.89 563.45
237.67 784.63 722.3 282.26 652.25 323.03 328.66 698.97 503.5 552.68 599.34 431.68 153.44 854.57 425.46 511.33 512.39 563.65
