345 0 10.182000 674 0 10.215000 301 0 10.240000 723 0 10.162000 410 0 10.209000 610 0 10.207000 402 0 10.230000 644 0 10.292000 479 0 10.160000 534 0 10.151000 37 0 10.190000 960 0 10.175000 102 0 10.153000 894 0 10.329000 837 0 10.160000 189 0 10.150000 490 0 10.359000 530 0 10.149000 
345 0 60.297001 674 0 10.184000 301 0 10.231995 723 0 10.169000 410 0 10.151000 609 0 10.327000 402 0 10.236000 644 0 10.254000 479 0 10.198000 534 0 10.185000 37 0 10.163000 960 0 10.161000 102 0 10.147000 894 0 10.150000 837 0 10.207000 189 0 10.171000 490 0 10.184000 530 0 10.296000 
345 0 60.254002 674 0 10.168000 301 0 10.187000 723 0 10.190000 410 0 10.143000 610 0 10.178000 402 0 10.221000 644 0 10.168000 479 0 10.178000 534 0 10.217000 37 0 10.199000 960 0 10.190000 102 0 10.212000 894 0 10.198000 837 0 10.290000 189 0 10.281000 490 0 10.175000 530 0 10.261000 
345 0 60.393002 674 0 10.256000 301 0 10.264000 723 0 10.202000 411 0 10.188000 609 1028 10.218000 402 0 10.255000 644 0 10.308000 479 0 10.191000 535 4 10.189000 37 0 10.212000 954 1044 10.190000 102 0 10.197000 892 1032 10.207000 837 0 10.210000 189 0 10.189000 490 0 10.239000 530 0 10.208000 
345 0 60.375000 674 0 10.192000 301 0 10.300000 723 0 10.239000 410 0 10.206000 609 1028 10.239000 402 0 10.224000 645 4 10.204000 479 0 10.282000 535 0 10.220000 37 0 10.189000 939 1052 10.243000 102 0 10.235000 884 1048 10.182000 837 0 10.174000 189 0 10.196000 490 0 10.164000 530 0 10.248000 
345 0 60.348000 674 0 10.238000 301 0 10.275000 723 0 10.166000 410 0 10.181000 610 0 10.304000 402 0 10.258000 645 0 10.242000 479 0 10.203979 536 4 10.146000 37 0 10.162000 917 1060 10.208000 102 0 10.145000 865 1064 10.226000 837 0 10.210000 189 0 10.146000 490 0 10.192000 530 0 10.191000 
345 0 60.264999 677 4 10.176000 301 1028 10.208000 723 0 10.203000 410 0 10.182000 609 0 10.182000 401 1028 10.206000 643 1028 10.173000 479 0 10.206000 536 0 10.187000 37 0 10.183000 893 1080 10.205000 102 0 10.285000 848 1060 10.196000 837 0 10.159000 186 1028 10.202000 490 0 10.197000 530 0 10.185000 
347 0 60.250999 680 4 10.169000 300 1028 10.222000 723 0 10.197000 410 0 10.186000 609 0 10.247000 401 0 10.218000 642 1028 10.218000 479 0 10.203000 536 0 10.177000 37 0 10.261000 867 1076 10.205000 102 0 10.172000 823 1072 10.276000 838 4 10.201000 186 0 10.158000 490 0 10.254000 530 0 10.242000 
347 0 60.334000 680 0 10.183000 300 0 10.281000 723 0 10.248000 410 0 10.178000 609 0 10.241000 400 1028 10.204000 638 1032 10.173000 479 0 10.211000 536 0 10.210000 37 0 10.152000 839 1088 10.216000 102 0 10.186000 795 1084 10.143000 838 4 10.205000 185 1028 10.191000 490 0 10.150000 530 0 10.218000 
349 0 60.369999 681 4 10.263000 300 0 10.210000 723 0 10.151000 410 0 10.139000 609 0 10.252000 400 0 10.270000 638 0 10.251000 478 1028 10.183000 536 0 10.141000 37 0 10.226000 812 1076 10.200000 102 0 10.149000 768 1080 10.239000 838 0 10.266000 184 1028 10.150024 490 0 10.174000 530 0 10.198000 
349 4 60.320000 687 12 10.192000 300 0 10.208000 723 0 10.222000 410 0 10.155000 609 0 10.275000 399 0 10.231000 635 1028 10.201000 476 1028 10.233000 536 0 10.248000 37 0 10.152000 788 1076 10.208000 102 0 10.275000 743 1076 10.162000 838 0 10.161000 184 0 10.203000 490 0 10.179000 530 0 10.165000 
349 0 60.387001 690 12 10.249000 300 0 10.204000 722 1028 10.193000 410 0 10.189000 609 0 10.266000 396 1028 10.263000 631 1028 10.264000 473 1032 10.231000 536 0 10.193000 35 0 10.204000 761 1076 10.269000 102 0 10.184000 721 1072 10.292000 838 0 10.243000 184 0 10.185000 489 1028 10.237000 530 0 10.215000 
351 4 60.353001 696 12 10.198000 300 0 10.266000 722 0 10.289000 410 0 10.188000 609 -1 10.253000 -2 -1 10.205000 -2 -1 10.167000 -2 -1 10.238000 -2 -1 10.222000 -2 -1 10.162000 -2 -1 10.192000 -2 -1 10.181000 -2 -1 10.190000 -2 -1 10.224000 -2 -1 10.229000 -2 -1 10.194000 -2 -1 10.236000 
-2 -1 60.409000 -2 -1 10.200000 -2 -1 10.261000 -2 -1 10.152000 -2 -1 10.141000 -2 -1 10.302000 -2 -1 10.294000 -2 -1 10.240000 -2 -1 10.203000 -2 -1 10.144000 -2 -1 10.150000 -2 -1 10.215000 -2 -1 10.188000 -2 -1 10.227000 -2 -1 10.213000 -2 -1 10.212000 -2 -1 10.265000 -2 -1 10.184000 
-2 -1 60.281006 -2 -1 10.148000 -2 -1 10.179000 -2 -1 10.250000 -2 -1 10.155000 -2 -1 10.217000 -2 -1 10.254000 -2 -1 10.157000 -2 -1 10.195000 -2 -1 10.246000 -2 -1 10.131000 -2 -1 10.211000 -2 -1 10.232000 0 672 10.188000 -2 842 10.197000 8 184 10.281000 0 479 10.191000 -2 530 10.216000 
0 362 60.321999 8 731 10.222000 36 299 10.265000 0 723 10.199000 0 410 10.188000 0 609 10.287000 -2 400 10.260000 8 624 10.267000 0 471 10.231000 0 534 10.190000 0 37 10.208000 4 720 10.272000 4 98 10.196000 -2 671 10.272000 -2 844 10.226000 4 185 10.176000 4 477 10.256000 -2 530 10.223000 
0 364 60.344002 4 736 10.228000 12 299 10.272000 0 723 10.196000 0 410 10.188000 0 610 10.300000 -2 400 10.299000 0 624 10.249000 0 471 10.226000 0 534 10.190000 0 37 10.181000 0 720 10.201000 0 98 10.193000 0 671 10.271000 0 844 10.237000 0 186 10.226000 0 477 10.280000 0 530 10.228000 
0 364 60.414001 0 740 10.231000 8 299 10.203000 0 724 10.189000 0 410 10.188000 0 610 10.273000 4 402 10.253000 4 624 10.269000 0 472 10.263000 0 534 10.193000 0 37 10.215000 0 720 10.242000 0 98 10.185000 0 671 10.233000 0 844 10.238000 0 186 10.196000 4 477 10.220000 0 530 10.222000 
0 364 60.368000 0 743 10.192000 4 299 10.271000 0 724 10.264000 0 410 10.190979 0 609 10.212000 0 401 10.221000 -2 624 10.202000 0 476 10.234000 8 533 10.202000 0 43 10.201000 20 720 10.257000 0 100 10.252000 -2 671 10.183000 0 844 10.221000 -2 186 10.246000 0 477 10.188000 0 530 10.267000 
0 366 60.361000 4 747 10.227000 8 299 10.211000 0 724 10.193000 0 410 10.185000 0 609 10.264000 0 401 10.255000 0 624 10.252000 0 477 10.228000 4 533 10.190000 0 76 10.206000 68 719 10.216000 0 114 10.199000 24 671 10.296000 0 847 10.257000 8 186 10.203000 0 477 10.271000 0 530 10.242000 
0 366 60.296001 0 749 10.197000 12 300 10.219000 0 724 10.205000 0 410 10.175000 0 609 10.242000 0 400 10.229000 0 624 10.199000 0 476 10.223000 0 533 10.251000 0 117 10.196000 80 719 10.215000 0 142 10.240000 52 671 10.203000 0 847 10.276000 0 186 10.264000 0 478 10.196000 4 530 10.293000 
0 365 60.370998 -2 749 10.211000 0 301 10.270000 4 724 10.216000 0 411 10.191000 0 609 10.259000 0 394 10.309000 -2 624 10.238000 0 476 10.190000 0 533 10.187000 0 166 10.222000 96 717 10.143000 -2 177 10.190000 68 671 10.185000 0 847 10.178000 0 186 10.151000 0 478 10.172000 0 530 10.170000 
0 357 60.362000 -2 745 10.243000 -2 303 10.280000 4 724 10.180000 0 411 10.141000 0 610 10.221000 0 383 10.275000 -2 624 10.266000 0 475 10.242000 -2 533 10.144000 0 212 10.255005 92 716 10.220000 -2 210 10.147000 56 671 10.221000 0 847 10.203000 0 185 10.146000 0 478 10.210000 0 530 10.225000 
0 345 60.249001 -2 749 10.153000 12 305 10.173000 4 723 10.188000 0 411 10.162000 0 609 10.207000 0 374 10.202000 -2 622 10.145000 -2 475 10.173000 0 533 10.190000 0 249 10.171000 84 708 10.230000 -2 239 10.258000 64 671 10.152000 0 847 10.169000 0 184 10.221000 0 478 10.186000 0 529 10.203000 
-2 332 60.386002 -2 745 10.214000 0 306 10.243000 4 723 10.166000 0 411 10.139000 0 609 10.328000 0 366 10.263000 -2 625 10.265000 4 476 10.235000 4 533 10.147000 0 284 10.174000 72 703 10.230000 -2 266 10.154000 52 666 10.186000 -2 847 10.242000 0 185 10.193000 0 478 10.215000 0 529 10.231000 
0 320 60.292999 -2 744 10.155000 -2 308 10.154000 0 723 10.233000 0 411 10.154000 0 609 10.183000 -2 360 10.205000 -2 627 10.164000 0 477 10.169000 4 533 10.169000 0 311 10.147000 56 698 10.185000 -2 293 10.206000 56 662 10.151000 -2 847 10.161000 0 185 10.239000 0 478 10.151000 0 530 10.158000 
0 309 60.369999 -2 743 10.243000 -2 308 10.238000 0 723 10.167000 0 411 10.154000 0 609 10.322000 0 358 10.230000 -2 627 10.290000 0 477 10.214000 0 533 10.152000 0 335 10.156000 52 691 10.194000 -2 315 10.147000 48 656 10.206000 -2 847 10.232000 0 186 10.148000 4 478 10.190000 0 531 10.223022 
4 295 60.348999 -2 743 10.158000 0 308 10.187000 0 723 10.196000 0 411 10.151000 0 609 10.166000 0 360 10.193000 4 629 10.149000 8 476 10.184000 0 534 10.220000 4 346 10.145000 20 681 10.148000 -2 340 10.200000 52 650 10.164000 -2 847 10.158000 0 186 10.225000 0 478 10.163000 0 532 10.150000 
4 287 60.362000 -2 744 10.260000 4 308 10.291000 0 723 10.212000 0 410 10.190000 -2 609 10.333000 4 362 10.321000 4 629 10.235000 0 475 10.218000 0 535 10.188000 0 353 10.241000 16 673 10.268000 -2 356 10.183000 44 644 10.288000 -2 848 10.216000 4 186 10.156000 0 484 10.248000 12 532 10.197000 
0 284 60.304001 -2 747 10.189000 4 308 10.266000 0 723 10.239000 0 410 10.182000 0 609 10.290000 -2 369 10.286000 16 629 10.210000 0 476 10.217000 4 535 10.201000 0 354 10.191000 0 669 10.206000 -2 361 10.210000 12 641 10.174000 -2 845 10.212000 -2 186 10.213000 0 485 10.202000 0 532 10.223000 
0 284 60.393002 0 750 10.265000 8 308 10.284000 0 723 10.206000 0 410 10.188000 0 610 10.324000 -2 370 10.256000 4 629 10.254000 0 477 10.229000 0 535 10.189000 0 354 10.208000 0 666 10.224000 -2 363 10.192000 4 639 10.286000 -2 844 10.244000 -2 186 10.196000 0 485 10.250000 0 532 10.254000 
0 284 60.255005 0 750 10.201000 0 308 10.226000 0 723 10.231000 0 410 10.232000 0 609 10.196000 0 368 10.237000 0 629 10.200000 0 477 10.249000 0 535 10.209000 0 356 10.209000 4 664 10.236000 0 363 10.249000 0 639 10.202000 0 844 10.180000 0 186 10.181000 0 485 10.183000 0 532 10.180000 
0 284 60.356998 0 749 10.264000 0 308 10.259000 0 723 10.184000 0 410 10.166000 0 610 10.284000 0 368 10.315000 0 630 10.297000 0 476 10.224000 -2 535 10.187000 0 356 10.203000 4 664 10.261000 0 363 10.197000 0 637 10.283000 -2 844 10.228000 0 186 10.202000 0 485 10.300000 0 532 10.201000 
4 284 60.327000 0 752 10.154000 4 308 10.225000 0 723 10.189000 0 410 10.159000 0 609 10.196000 0 368 10.223000 0 630 10.178000 0 476 10.172000 0 536 10.209000 0 356 10.156000 0 662 10.203000 -2 363 10.241000 0 635 10.154000 -2 844 10.205000 0 186 10.264000 0 485 10.192000 0 532 10.247000 
0 283 60.403000 0 753 10.259000 4 308 10.231000 0 723 10.191000 0 410 10.188000 0 609 10.267000 0 368 10.292000 0 630 10.325000 0 476 10.215000 0 537 10.189000 0 356 10.218000 0 661 10.200000 -2 364 10.192000 4 634 10.252000 -2 844 10.245000 0 186 10.168000 0 485 10.207000 0 532 10.193000 
0 284 60.299000 0 753 10.153000 0 306 10.243000 0 723 10.228000 0 410 10.188000 0 609 10.199000 0 368 10.271973 0 629 10.145000 0 476 10.168000 0 536 10.172000 0 356 10.149000 0 659 10.204000 -2 365 10.185000 4 633 10.149000 -2 844 10.248000 0 186 10.235000 0 485 10.187000 0 532 10.190000 
0 283 60.301998 0 753 10.259000 0 308 10.268000 0 723 10.196000 0 410 10.180000 0 609 10.314000 0 368 10.275000 0 629 10.274000 0 476 10.221000 0 537 10.143000 4 356 10.153000 0 659 10.222000 0 365 10.200000 0 633 10.268000 0 844 10.194000 0 186 10.173000 0 485 10.254000 0 533 10.200000 
0 284 60.297001 4 752 10.152000 -2 325 10.284000 12 723 10.325000 0 410 10.190000 0 609 10.232000 0 366 10.219000 0 627 10.171000 -2 477 10.168000 4 544 10.197000 12 360 10.249000 4 659 10.218000 0 365 10.227000 0 632 10.196000 -2 844 10.249000 0 186 10.270000 0 485 10.198000 0 534 10.254000 
4 284 60.400002 0 752 10.221000 0 362 10.263000 68 722 10.203000 0 410 10.191000 0 609 10.340000 0 365 10.280000 -2 626 10.291000 -2 477 10.207000 0 556 10.190000 24 364 10.199000 8 659 10.307000 0 368 10.204000 4 629 10.275000 -2 845 10.233000 4 186 10.205000 0 485 10.289000 0 535 10.232000 
4 284 60.375000 0 752 10.200000 0 404 10.221000 88 722 10.225000 0 410 10.192000 0 609 10.190000 0 365 10.197000 0 626 10.145000 0 477 10.152000 0 569 10.188000 28 371 10.143000 16 657 10.235000 -2 372 10.262000 8 627 10.198975 -2 845 10.265000 0 186 10.203000 0 485 10.196000 0 535 10.276000 
