0 0 0 0 0 0 0 0 0 0 0 0 0 0 0 0 0 0 201 795 276 728 409 515 352 651 524 528 312 709 27 987 836 186 524 521 
0 0 0 -2 0 0 0 0 0 0 0 0 0 0 0 0 0 0 201 796 276 726 409 515 352 651 524 528 312 709 27 987 836 186 524 521 
0 4 0 0 0 0 0 0 0 0 0 0 0 0 0 0 4 0 201 797 276 724 409 513 352 651 524 528 312 709 27 987 836 186 523 521 
0 -2 0 -2 0 -2 0 0 0 0 0 0 0 0 0 0 0 0 201 796 276 691 409 501 352 651 524 528 312 709 27 987 836 186 523 521 
0 0 0 -2 0 -2 0 0 0 0 0 0 0 0 0 0 0 0 201 796 276 652 409 484 352 651 524 528 312 709 27 987 836 186 523 521 
0 0 4 -2 0 -2 0 4 0 0 0 0 0 0 0 0 0 0 201 796 276 607 409 465 352 652 524 528 312 709 27 987 836 186 523 521 
0 0 0 -2 0 -2 0 0 0 0 0 0 0 0 0 0 0 0 201 796 276 563 409 451 352 652 524 528 312 709 27 987 836 186 523 521 
0 0 0 -2 0 -2 0 0 0 0 0 -2 0 0 0 0 0 0 201 796 276 514 409 434 352 652 524 528 312 707 27 986 836 186 523 522 
0 0 0 -2 0 -2 0 0 0 0 0 0 0 0 0 0 0 0 201 796 275 459 409 418 351 652 524 528 312 707 27 986 836 186 523 522 
0 0 0 -2 0 -2 0 0 -2 0 0 0 0 0 0 0 0 0 201 796 276 410 409 401 351 652 522 528 312 706 27 986 836 186 523 522 
0 0 0 -2 0 -2 0 0 0 0 0 -2 0 0 0 0 0 0 201 796 276 367 409 380 351 652 522 528 312 707 27 986 836 186 523 522 
0 0 0 -2 0 -2 0 0 0 0 0 0 0 0 0 0 0 0 201 796 276 330 409 359 351 653 522 529 312 706 27 986 836 186 525 522 
