446 0 20.238001 612 8 20.290001 320 0 20.273001 696 0 20.344000 387 1028 20.287001 537 0 20.224001 344 0 20.275999 651 0 20.181000 491 0 20.172001 517 0 20.179001 520 0 20.188000 469 0 20.188000 455 0 20.198999 540 0 20.245001 774 4 20.226999 255 1028 20.188999 509 0 20.191999 502 4 20.211000 
446 1028 120.418999 613 0 20.254000 320 0 20.222000 696 0 20.252001 387 0 20.274000 537 0 20.218018 343 1028 20.212999 653 4 20.193001 491 0 20.208000 517 0 20.181999 520 0 20.187000 468 0 20.188000 453 0 20.184999 540 0 20.170000 778 4 20.171000 252 1028 20.166000 515 4 20.191999 503 4 20.195999 
447 4 20.191000 613 1028 20.153999 321 0 20.184999 695 1028 20.187000 383 1036 20.150000 538 0 20.162001 342 1028 20.198000 658 12 20.165001 491 0 20.247000 517 0 20.225000 520 0 20.167000 468 0 20.195999 453 0 20.257999 541 4 20.165001 778 0 20.167000 251 0 20.230000 516 1028 20.166000 502 0 20.253000 
449 0 20.208000 614 4 20.205000 329 12 20.195999 674 1064 20.200001 346 1080 20.198999 549 12 20.150999 344 4 20.170000 658 0 20.160000 491 0 20.172001 517 0 20.181000 520 0 20.201000 468 0 20.218000 455 4 20.167999 527 1052 20.209000 774 1032 20.232000 259 12 20.166000 516 4 20.204000 501 0 20.268000 
455 4 20.166992 607 1036 20.205000 358 40 20.250999 664 1028 20.216000 311 1060 20.167000 575 36 20.195000 344 0 20.198999 662 4 20.173000 491 0 20.174000 514 0 20.209000 520 0 20.216999 467 0 20.211000 458 0 20.205000 518 1032 20.163000 778 8 20.212000 262 0 20.225000 516 0 20.202999 502 0 20.188999 
457 4 20.193001 606 0 20.238001 393 52 20.188999 664 0 20.176001 290 1048 20.162001 592 0 20.216999 346 4 20.207001 667 4 20.166000 491 0 20.201000 508 1032 20.198000 525 12 20.164000 457 1044 20.240999 458 0 20.191999 518 0 20.195999 781 4 20.188999 259 1028 20.165001 517 0 20.202999 503 0 20.197001 
455 0 20.204000 608 4 20.207001 402 0 20.193001 663 1040 20.211000 281 1028 20.201000 593 4 20.215000 350 0 20.238001 667 0 20.184999 491 0 20.216999 511 4 20.211000 529 0 20.198999 453 0 20.191999 458 0 20.177999 518 0 20.186001 783 4 20.226013 257 0 20.188999 517 0 20.197001 503 0 20.232000 
457 8 20.228001 607 1028 20.201000 406 16 20.233999 663 4 20.194000 280 1028 20.202999 605 24 20.222000 353 8 20.202999 668 0 20.208000 490 1028 20.240000 503 1032 20.212000 531 0 20.202000 453 0 20.270000 458 0 20.195000 518 0 20.165001 786 4 20.211000 257 0 20.222000 517 0 20.198999 503 0 20.218000 
459 0 20.195000 606 0 20.207001 426 24 20.238001 636 1044 20.209000 254 1060 20.202000 661 80 20.257999 354 4 20.198999 667 1028 20.184999 490 0 20.202999 502 8 20.209999 535 4 20.197001 450 1028 20.191999 460 4 20.198999 517 0 20.202999 790 0 20.200001 250 1036 20.233999 517 0 20.183001 502 1028 20.184999 
463 1028 20.174000 605 0 20.191000 431 4 20.218000 612 1032 20.195999 246 0 20.209000 671 1028 20.219000 354 0 20.197001 667 0 20.198999 491 0 20.223000 501 0 20.203003 538 4 20.167000 446 1028 20.215000 460 0 20.201000 517 0 20.167999 793 4 20.226000 249 0 20.214001 517 0 20.200001 502 0 20.188000 
464 4 20.179001 605 4 20.181000 440 16 20.218000 605 1040 20.226999 225 1060 20.167999 692 28 20.261000 355 1028 20.184000 667 0 20.205999 491 0 20.235001 502 4 20.238001 539 0 20.191000 446 0 20.297001 462 4 20.240000 517 0 20.207001 798 4 20.187000 241 1032 20.200001 517 0 20.159000 502 0 20.180000 
471 12 20.216999 603 1028 20.163000 467 36 20.215000 556 1088 20.216000 186 1076 20.188999 746 72 20.193001 354 0 20.187000 664 1028 20.204000 491 0 20.208000 502 0 20.173000 540 0 20.167999 446 0 20.202999 469 8 20.186001 517 0 20.216999 802 4 20.186001 231 1036 20.179001 516 0 20.205000 501 1028 20.191000 
481 12 20.191000 598 1028 20.202000 493 28 20.208000 503 1096 20.211000 160 1064 20.162001 794 60 20.249023 352 0 20.172001 663 1028 20.156000 491 0 20.224001 502 0 20.215000 540 0 20.165001 446 0 20.205999 475 8 20.209000 512 1032 20.201000 802 1028 20.202999 227 1028 20.212000 515 1028 20.158001 500 0 20.198999 
488 8 20.224001 595 1032 20.205000 494 0 20.180000 455 1096 20.195999 160 0 20.170000 827 32 20.170000 351 1028 20.223000 656 1032 20.231001 490 1028 20.238001 503 0 20.243000 540 0 20.208000 446 4 20.201000 477 0 20.205999 501 1040 20.169001 800 0 20.184999 230 4 20.191999 515 0 20.183001 500 0 20.218000 
491 0 20.198999 594 0 20.188999 494 0 20.197001 455 0 20.202000 160 0 20.186001 825 0 20.273001 350 0 20.223000 656 0 20.188999 490 1028 20.280001 503 0 20.204000 540 0 20.162001 446 0 20.261000 477 0 20.191000 501 0 20.164000 799 0 20.214001 230 1028 20.212000 515 0 20.184000 500 0 20.184999 
492 0 20.177979 594 0 20.202999 494 0 20.180000 465 20 20.145000 163 4 20.190001 815 1036 20.212999 351 0 20.226000 656 0 20.194000 490 0 20.202999 502 1028 20.233000 540 0 20.208000 447 0 20.235001 476 1028 20.209999 501 0 20.223000 797 1028 20.264999 235 8 20.212000 515 0 20.191999 500 0 20.195999 
492 0 20.204000 605 12 20.198000 457 1088 20.188999 505 56 20.198999 194 40 20.187000 767 1088 20.249001 350 0 20.187000 656 0 20.184000 490 0 20.229000 501 1028 20.226999 540 0 20.169001 447 0 20.181000 471 1032 20.209000 502 4 20.204000 794 0 20.219000 243 8 20.223000 516 4 20.215000 500 0 20.264999 
484 1040 20.209000 611 8 20.205999 410 1088 20.236000 554 64 20.205000 255 84 20.181999 716 1092 20.202000 349 0 20.257000 656 0 20.169001 490 0 20.198000 501 0 20.191999 540 0 20.174000 447 0 20.174000 458 1040 20.223000 502 0 20.208000 793 0 20.263977 249 8 20.164000 516 0 20.197001 500 0 20.186001 
470 1036 20.188999 617 8 20.188000 353 1100 20.205000 597 52 20.209000 327 92 20.198999 661 1096 20.216999 349 0 20.184999 655 0 20.174000 490 0 20.222000 502 0 20.209999 540 0 20.195000 446 0 20.163000 449 1036 20.163000 504 0 20.150999 793 0 20.228001 251 4 20.202000 516 0 20.195000 500 0 20.205000 
465 1032 20.188000 619 4 20.221001 310 1080 20.228001 637 52 20.200001 391 72 20.174000 603 1104 20.191999 349 0 20.253000 654 0 20.205999 490 0 20.243000 502 0 20.219999 540 0 20.174000 446 0 20.170000 445 1028 20.216000 504 0 20.181000 793 0 20.169001 251 0 20.208000 516 0 20.190001 500 0 20.202999 
463 1028 20.187000 619 0 20.202999 291 1040 20.194000 659 12 20.198000 414 0 20.160999 574 1056 20.184000 349 0 20.209000 654 0 20.202000 490 0 20.201000 503 0 20.174011 540 0 20.201000 446 0 20.197001 444 0 20.191000 504 0 20.205000 793 0 20.237000 251 0 20.201000 516 0 20.180000 500 0 20.165001 
464 0 20.205999 616 0 20.202000 304 32 20.215000 651 1028 20.188999 373 1088 20.233000 591 32 20.183001 349 0 20.222000 654 0 20.198000 490 0 20.188000 502 0 20.231001 540 0 20.202999 445 1028 20.240000 444 0 20.215000 504 0 20.190001 795 0 20.180000 251 0 20.186001 516 0 20.202000 500 0 20.204000 
466 8 20.197001 616 0 20.211000 345 52 20.186001 621 1064 20.191000 311 1096 20.201000 637 80 20.267000 350 0 20.201000 654 0 20.162001 490 0 20.209000 502 0 20.190001 540 0 20.165001 439 1032 20.205999 446 8 20.198999 506 4 20.163000 802 12 20.218000 245 1028 20.188000 516 0 20.164000 500 0 20.219999 
467 4 20.208000 614 0 20.195999 400 68 20.209000 577 1084 20.223000 243 1120 20.198999 699 72 20.213989 351 0 20.229000 658 8 20.184000 490 0 20.216999 502 0 20.209000 541 4 20.250999 432 1028 20.194000 448 0 20.216000 506 0 20.224001 809 12 20.214001 236 1036 20.208000 515 0 20.204000 500 0 20.207001 
480 16 20.202000 611 1028 20.201000 444 64 20.222000 528 1100 20.201000 190 1088 20.205999 759 88 20.232000 351 0 20.208000 658 0 20.205000 490 0 20.245001 501 1028 20.240000 545 4 20.201000 430 1028 20.198999 461 20 20.212999 504 0 20.195000 812 4 20.215000 227 1036 20.197001 515 0 20.167000 500 0 20.207001 
493 16 20.177999 606 1032 20.209999 476 40 20.233999 471 1092 20.197001 159 1072 20.160000 808 60 20.212999 351 0 20.209000 654 1028 20.242001 490 0 20.266001 501 1028 20.193001 545 0 20.205000 430 0 20.212999 469 8 20.207001 501 0 20.205999 812 0 20.174999 224 1028 20.230000 514 0 20.190001 500 0 20.207001 
500 8 20.213013 604 1028 20.167999 480 8 20.202000 447 1048 20.207001 160 4 20.202000 822 1040 20.215000 350 1028 20.205000 652 0 20.211000 491 0 20.170000 502 4 20.169001 545 0 20.165001 430 0 20.264999 469 0 20.204000 501 0 20.167999 809 1032 20.240999 225 0 20.205000 514 0 20.159000 500 0 20.208000 
499 0 20.223000 608 12 20.201000 456 1068 20.226999 472 40 20.163000 185 48 20.187000 789 1080 20.188000 350 0 20.237000 652 0 20.207001 490 0 20.204000 501 1028 20.209000 545 0 20.163000 432 4 20.205999 466 1028 20.205999 501 0 20.209999 804 1036 20.205000 233 16 20.245001 514 0 20.202000 500 0 20.193001 
492 1036 20.207001 616 12 20.158001 403 1096 20.214001 518 60 20.202000 245 84 20.165001 737 1092 20.195000 348 1028 20.179001 651 1028 20.188999 490 0 20.214001 501 0 20.204000 545 0 20.160000 434 4 20.278999 462 0 20.222000 501 0 20.157000 796 1032 20.255981 241 8 20.225000 514 0 20.166000 500 0 20.197001 
484 1036 20.216999 620 4 20.200001 346 1088 20.229000 563 60 20.226999 313 84 20.205999 680 1100 20.211000 343 0 20.223000 649 1028 20.205999 490 0 20.237000 501 0 20.162001 545 0 20.191000 437 4 20.174999 461 0 20.212999 501 0 20.246000 790 1032 20.184999 247 12 20.198999 514 0 20.160000 500 0 20.260000 
479 1028 20.183001 620 0 20.207001 313 1068 20.207001 612 64 20.160999 378 84 20.188000 629 1084 20.222000 344 0 20.228001 649 0 20.164000 490 0 20.177000 495 1032 20.231001 545 0 20.198000 442 8 20.230000 461 0 20.256001 501 0 20.202999 784 1028 20.204000 254 8 20.205999 515 0 20.163000 500 0 20.259001 
478 0 20.191000 619 1028 20.165001 289 1056 20.216000 654 52 20.152000 425 52 20.170000 574 1092 20.194000 344 0 20.219999 649 0 20.198000 489 0 20.235001 494 0 20.281006 545 0 20.207001 446 8 20.136999 461 0 20.170000 501 0 20.205000 782 1028 20.229000 255 0 20.184999 515 0 20.211000 500 0 20.204000 
478 0 20.200001 612 1036 20.205999 279 0 20.240000 661 1028 20.254000 435 1028 20.202999 564 1028 20.204000 344 0 20.184000 649 0 20.166000 490 1028 20.229000 498 0 20.205000 545 0 20.205999 450 4 20.190001 461 0 20.232000 501 0 20.202999 780 0 20.222000 255 0 20.211000 515 0 20.160000 500 0 20.240000 
481 4 20.238001 609 1032 20.204000 289 24 20.198000 651 1048 20.170000 405 1092 20.205000 577 24 20.204000 344 0 20.191000 649 0 20.209000 491 0 20.215000 499 0 20.191999 545 0 20.167999 451 0 20.225000 464 0 20.211000 501 0 20.164000 781 4 20.195000 255 0 20.173000 515 0 20.207001 500 0 20.224001 
484 4 20.226999 607 1028 20.163000 315 44 20.201000 610 1076 20.229000 340 1108 20.219000 621 76 20.190002 344 4 20.186001 650 0 20.187000 493 0 20.238001 505 4 20.204000 545 0 20.195999 451 0 20.188000 464 0 20.186001 501 0 20.183001 786 8 20.212999 252 1028 20.209000 515 0 20.164000 500 0 20.239000 
489 8 20.209000 607 4 20.197001 354 56 20.205999 563 1088 20.191000 274 1096 20.159000 681 76 20.212999 344 0 20.202000 649 0 20.164000 493 0 20.263000 507 4 20.191999 545 0 20.165001 446 1032 20.252001 464 0 20.212000 501 0 20.159000 797 16 20.204000 241 1036 20.174999 515 0 20.225000 501 0 20.177999 
500 12 20.202000 604 1028 20.205000 399 64 20.186001 508 1096 20.184000 213 1100 20.174000 746 88 20.219999 344 0 20.219000 647 0 20.160999 493 0 20.228001 507 0 20.181000 545 0 20.205999 441 1028 20.219000 465 0 20.216000 501 0 20.159000 807 8 20.214001 230 1040 20.214001 514 0 20.165001 501 0 20.224001 
514 24 20.210022 596 1036 20.160999 441 60 20.173000 449 1108 20.228001 160 1072 20.202000 799 72 20.188000 344 0 20.180000 645 1032 20.166000 495 4 20.200001 508 0 20.191999 545 0 20.159000 441 0 20.226999 469 8 20.198999 501 0 20.167000 808 4 20.219000 223 1028 20.205999 513 0 20.194000 500 0 20.179001 
519 8 20.198999 591 1028 20.198000 450 0 20.218000 433 8 20.212999 162 0 20.202999 806 1036 20.195999 344 0 20.181000 644 0 20.202000 495 0 20.219000 508 0 20.191999 545 0 20.162001 446 8 20.214001 469 0 20.198999 501 0 20.209999 803 1028 20.219999 230 12 20.218000 513 0 20.163000 500 0 20.207001 
518 0 20.204000 594 4 20.160999 423 1068 20.207001 472 64 20.221001 198 60 20.165001 766 1092 20.221001 344 0 20.214001 644 0 20.184000 496 0 20.236000 507 1028 20.207001 545 0 20.167999 451 8 20.191000 468 1028 20.209999 501 0 20.187000 795 1036 20.231995 241 16 20.257000 513 0 20.216000 500 0 20.211000 
510 1036 20.219999 599 8 20.162001 368 1104 20.205000 523 68 20.174000 269 100 20.174999 712 1096 20.174999 343 0 20.198000 644 0 20.204000 496 0 20.204000 506 0 20.200001 545 0 20.207001 453 4 20.266001 468 0 20.198999 501 0 20.184999 786 1036 20.256001 249 8 20.211000 513 0 20.166000 500 0 20.174000 
499 1040 20.212999 603 0 20.191000 314 1084 20.205999 575 72 20.226000 349 108 20.202999 654 1100 20.271000 343 0 20.200001 644 0 20.165001 495 0 20.198999 505 1032 20.236000 545 0 20.191999 454 0 20.226000 467 0 20.215000 501 0 20.169001 782 1028 20.191000 255 8 20.212000 513 0 20.209000 500 0 20.225000 
490 1040 20.200001 603 0 20.200001 281 1060 20.179001 624 56 20.198999 413 80 20.201000 596 1100 20.235001 344 0 20.211000 645 4 20.204000 495 0 20.212999 505 0 20.221008 545 0 20.172001 454 0 20.188000 467 0 20.242001 501 0 20.205999 780 0 20.205000 256 4 20.184999 513 0 20.195999 500 0 20.240999 
486 1032 20.222000 603 0 20.204000 259 1052 20.228001 659 48 20.204000 457 60 20.163000 552 1076 20.216999 344 0 20.209000 646 4 20.163000 494 1028 20.226000 505 0 20.186001 545 0 20.202000 454 0 20.160999 467 0 20.229000 501 0 20.164000 779 0 20.200001 257 4 20.197001 513 0 20.198000 500 0 20.194000 
484 0 20.218000 602 1028 20.162001 250 1036 20.173000 670 1028 20.195000 469 0 20.186001 538 4 20.190001 344 0 20.198000 647 4 20.211000 495 4 20.209999 507 4 20.167000 545 0 20.157000 451 1028 20.215000 466 1028 20.167999 501 0 20.202999 779 0 20.235001 257 0 20.232000 513 0 20.198999 502 0 20.268999 
484 0 20.194000 603 4 20.160000 257 12 20.219999 651 1060 20.200001 434 1100 20.169001 556 32 20.219971 345 0 20.240000 645 1032 20.202000 495 0 20.235001 507 0 20.208000 545 0 20.202999 451 0 20.179001 466 4 20.188999 501 0 20.240000 782 4 20.211000 255 1028 20.216000 513 0 20.177999 500 0 20.211000 
489 12 20.198000 605 4 20.167000 297 60 20.263000 607 1092 20.184000 348 1140 20.193001 609 80 20.260000 344 0 20.173000 645 0 20.166000 495 0 20.202000 506 0 20.201000 545 0 20.209999 446 1028 20.233000 467 0 20.261000 501 0 20.201000 787 8 20.232000 252 0 20.202000 513 0 20.202999 500 0 20.253000 
501 20 20.250999 596 1036 20.208000 356 80 20.240999 559 1084 20.237000 266 1120 20.215000 683 92 20.247999 346 0 20.226000 654 12 20.205000 494 1028 20.195000 505 1028 20.194000 545 0 20.195000 451 12 20.195000 471 4 20.231001 500 1028 20.207001 791 8 20.204000 251 1028 20.197001 513 0 20.160000 500 0 20.229000 
524 36 20.208008 582 1048 20.198000 413 76 20.224001 501 1108 20.243000 195 1116 20.183001 747 72 20.186001 345 0 20.195999 655 0 20.202999 496 8 20.260000 505 0 20.180000 543 1032 20.209999 472 36 20.177000 480 12 20.198000 500 0 20.208000 786 1028 20.198000 251 0 20.191000 513 0 20.212000 500 1028 20.290001 
548 28 20.212000 571 1044 20.165001 436 24 20.195000 461 1072 20.200001 168 1048 20.160999 779 40 20.219999 344 0 20.204000 654 0 20.197001 502 12 20.238001 503 1028 20.230000 541 0 20.209999 480 4 20.261999 481 0 20.226999 500 0 20.207001 786 0 20.209000 251 0 20.188999 513 0 20.207001 500 0 20.205000 
548 0 20.223000 565 1032 20.209000 435 1032 20.207001 467 8 20.230000 179 24 20.212000 772 1032 20.236000 344 0 20.233999 654 0 20.215000 504 0 20.237000 505 4 20.264999 541 0 20.214001 479 1028 20.176001 481 0 20.193001 500 0 20.204000 781 1036 20.190979 255 8 20.190001 513 0 20.183001 500 0 20.212000 
535 1044 20.181999 573 8 20.170000 386 1108 20.250000 519 80 20.181999 249 92 20.164000 719 1104 20.235001 344 0 20.212000 653 1028 20.207001 504 0 20.260000 503 1028 20.212000 541 0 20.205000 479 0 20.261999 481 0 20.229000 500 0 20.186001 773 1036 20.261000 264 12 20.205000 513 0 20.205999 500 0 20.233000 
522 1040 20.232000 579 8 20.205999 325 1100 20.228001 578 80 20.195000 333 104 20.160999 652 1112 20.214001 344 0 20.254000 652 0 20.226000 504 0 20.243000 503 0 20.228001 541 0 20.165001 483 8 20.259001 481 0 20.180000 500 0 20.176001 765 1032 20.208000 273 12 20.219999 513 0 20.205000 500 0 20.195000 
513 1036 20.205000 580 0 20.201000 284 1072 20.202000 629 64 20.195999 401 72 20.166000 584 1116 20.249001 344 0 20.226999 652 0 20.159000 504 0 20.240000 503 0 20.221985 541 0 20.191999 485 8 20.243999 481 0 20.257999 500 0 20.204000 759 1028 20.211000 280 12 20.469000 513 0 20.208000 500 0 20.184000 
