446 612 320 696 387 537 344 651 491 517 520 469 455 540 774 255 509 502 
446 613 320 696 387 537 343 653 491 517 520 468 453 540 778 252 515 503
447 613 321 695 383 538 342 658 491 517 520 468 453 541 778 251 516 502
449 614 329 674 346 549 344 658 491 517 520 468 455 527 774 259 516 501
455 607 358 664 311 575 344 662 491 514 520 467 458 518 778 262 516 502
457 606 393 664 290 592 346 667 491 508 525 457 458 518 781 259 517 503
455 608 402 663 281 593 350 667 491 511 529 453 458 518 783 257 517 503
457 607 406 663 280 605 353 668 490 503 531 453 458 518 786 257 517 503
459 606 426 636 254 661 354 667 490 502 535 450 460 517 790 250 517 502
463 605 431 612 246 671 354 667 491 501 538 446 460 517 793 249 517 502
464 605 440 605 225 692 355 667 491 502 539 446 462 517 798 241 517 502
471 603 467 556 186 746 354 664 491 502 540 446 469 517 802 231 516 501
481 598 493 503 160 794 352 663 491 502 540 446 475 512 802 227 515 500
488 595 494 455 160 827 351 656 490 503 540 446 477 501 800 230 515 500
491 594 494 455 160 825 350 656 490 503 540 446 477 501 799 230 515 500
492 594 494 465 163 815 351 656 490 502 540 447 476 501 797 235 515 500
492 605 457 505 194 767 350 656 490 501 540 447 471 502 794 243 516 500
484 611 410 554 255 716 349 656 490 501 540 447 458 502 793 249 516 500
470 617 353 597 327 661 349 655 490 502 540 446 449 504 793 251 516 500
465 619 310 637 391 603 349 654 490 502 540 446 445 504 793 251 516 500
463 619 291 659 414 574 349 654 490 503 540 446 444 504 793 251 516 500
464 616 304 651 373 591 349 654 490 502 540 445 444 504 795 251 516 500
466 616 345 621 311 637 350 654 490 502 540 439 446 506 802 245 516 500
467 614 400 577 243 699 351 658 490 502 541 432 448 506 809 236 515 500
480 611 444 528 190 759 351 658 490 501 545 430 461 504 812 227 515 500
493 606 476 471 159 808 351 654 490 501 545 430 469 501 812 224 514 500
500 604 480 447 160 822 350 652 491 502 545 430 469 501 809 225 514 500
499 608 456 472 185 789 350 652 490 501 545 432 466 501 804 233 514 500
492 616 403 518 245 737 348 651 490 501 545 434 462 501 796 241 514 500
484 620 346 563 313 680 343 649 490 501 545 437 461 501 790 247 514 500
479 620 313 612 378 629 344 649 490 495 545 442 461 501 784 254 515 500
478 619 289 654 425 574 344 649 489 494 545 446 461 501 782 255 515 500
478 612 279 661 435 564 344 649 490 498 545 450 461 501 780 255 515 500
481 609 289 651 405 577 344 649 491 499 545 451 464 501 781 255 515 500
484 607 315 610 340 621 344 650 493 505 545 451 464 501 786 252 515 500
489 607 354 563 274 681 344 649 493 507 545 446 464 501 797 241 515 501
500 604 399 508 213 746 344 647 493 507 545 441 465 501 807 230 514 501
514 596 441 449 160 799 344 645 495 508 545 441 469 501 808 223 513 500
519 591 450 433 162 806 344 644 495 508 545 446 469 501 803 230 513 500
518 594 423 472 198 766 344 644 496 507 545 451 468 501 795 241 513 500
510 599 368 523 269 712 343 644 496 506 545 453 468 501 786 249 513 500
499 603 314 575 349 654 343 644 495 505 545 454 467 501 782 255 513 500
490 603 281 624 413 596 344 645 495 505 545 454 467 501 780 256 513 500
486 603 259 659 457 552 344 646 494 505 545 454 467 501 779 257 513 500
484 602 250 670 469 538 344 647 495 507 545 451 466 501 779 257 513 502
484 603 257 651 434 556 345 645 495 507 545 451 466 501 782 255 513 500
489 605 297 607 348 609 344 645 495 506 545 446 467 501 787 252 513 500
501 596 356 559 266 683 346 654 494 505 545 451 471 500 791 251 513 500
524 582 413 501 195 747 345 655 496 505 543 472 480 500 786 251 513 500
548 571 436 461 168 779 344 654 502 503 541 480 481 500 786 251 513 500
548 565 435 467 179 772 344 654 504 505 541 479 481 500 781 255 513 500
535 573 386 519 249 719 344 653 504 503 541 479 481 500 773 264 513 500
522 579 325 578 333 652 344 652 504 503 541 483 481 500 765 273 513 500
513 580 284 629 401 584 344 652 504 503 541 485 481 500 759 280 513 500
