821 0 0 30.393999
821 0 0 161.085999
819 1032 0 291.654999
811 1052 0 422.338013
798 1068 0 552.963989
785 1076 0 683.682007
768 1084 0 814.205017
749 1096 0 944.849976
731 1092 0 1075.546997
711 1096 0 1206.029053
690 1100 0 1336.594971
670 1096 0 1467.153076
650 1096 0 1597.755005
629 1100 0 1728.263916
609 1100 0 1858.937012
591 1088 0 1989.589966
572 1100 0 2120.351074
549 1108 0 2250.993896
529 1104 0 2381.679932
509 1096 0 2512.306152
490 1096 0 2642.879883
472 1092 0 2773.375000
455 1088 0 2903.749023
435 1096 0 3034.336914
416 1100 0 3165.010986
397 1092 0 3295.608887
378 1088 0 3426.265137
360 1092 0 3556.909912
342 1088 0 3687.661133
323 1092 0 3818.192871
304 1088 0 3948.704102
286 1092 0 4079.322998
266 1092 0 4209.916992
247 1092 0 4340.480957
228 1092 0 4471.181152
209 1092 0 4601.681152
191 1092 0 4732.182129
176 1080 0 4862.767090
159 1088 0 4993.422852
140 1088 0 5124.003906
125 1092 0 5254.547852
113 1076 0 5385.143066
100 1068 0 5515.819824
92 1068 0 5646.430176
87 1052 0 5777.124023
87 1036 0 5907.833984
87 0 0 6038.430176
87 0 0 6169.051758
88 0 0 6299.628906
89 4 0 6430.162109
88 0 0 6560.753906
88 0 0 6691.309082
88 0 0 6821.745117
88 0 0 6952.416016
88 0 0 7083.141113
88 0 0 7213.720215
88 0 0 7344.212891
88 0 0 7474.651855
88 0 0 7605.263184
88 0 0 7735.609863
88 0 0 7866.174805
88 0 0 7996.711914
88 0 0 8127.324219
88 0 0 8257.822266
88 0 0 8388.456055
88 0 0 8519.004883
88 0 0 8649.656250
88 0 0 8780.338867
88 0 0 8910.891602
88 0 0 9041.393555
88 0 0 9171.861328
88 0 0 9302.484375
88 0 0 9433.136719
88 0 0 9563.881836
88 0 0 9694.568359
88 0 0 9825.100586
88 0 0 9955.552734
