229 0 10.270000 820 0 10.327000 328 0 10.212000 701 0 10.269000 413 0 10.278000 648 0 10.279000 328 4 10.309000 667 0 10.239000 497 0 10.283000 539 0 10.266000 505 0 10.267000 502 0 10.313000 412 0 10.234000 590 0 10.204000 517 0 10.210000 478 4 10.280000 497 0 10.257000 574 0 10.227000 
229 0 60.352001 819 1028 10.356000 328 0 10.274000 701 0 10.250000 413 0 10.308000 648 0 10.282000 329 0 10.227000 667 0 10.294000 497 0 10.280000 539 0 10.222000 505 0 10.202000 502 0 10.191000 413 0 10.227000 590 0 10.271000 517 0 10.245000 479 0 10.290000 497 0 10.278000 574 0 10.306000 
229 0 60.395000 818 0 10.269000 328 0 10.207000 701 0 10.289000 413 0 10.343000 648 0 10.394000 329 0 10.303000 667 0 10.391000 497 0 10.374000 539 0 10.297000 505 0 10.364000 502 0 10.362000 414 0 10.351000 590 0 10.359000 517 0 10.286000 479 0 10.275000 497 0 10.395000 574 0 10.327000 
229 0 60.479000 816 1032 10.324000 328 0 10.389000 702 4 10.347000 413 0 10.396000 648 0 10.355000 329 0 10.351000 667 0 10.314000 497 0 10.283000 539 0 10.315000 505 0 10.375000 502 0 10.276000 416 8 10.270000 590 0 10.303000 517 0 10.370000 479 1028 10.330000 497 0 10.333000 574 0 10.320000 
232 12 60.476002 815 0 10.301000 328 0 10.355000 702 0 10.293030 413 0 10.345000 648 0 10.371000 329 0 10.331000 667 0 10.397000 497 0 10.363000 539 0 10.350000 505 0 10.329000 502 0 10.291000 419 8 10.246000 590 0 10.340000 517 0 10.341000 478 4 10.291000 497 0 10.207000 574 0 10.179000 
234 4 60.330002 812 1028 10.281000 331 12 10.335000 702 4 10.317000 415 4 10.310000 648 0 10.329000 328 4 10.347000 666 1028 10.349000 498 4 10.376000 539 0 10.359000 505 0 10.320000 502 0 10.347000 420 0 10.359000 587 1028 10.275000 517 0 10.213000 478 4 10.265000 497 0 10.256000 574 0 10.320000 
232 1028 60.431000 823 8 10.322000 360 40 10.343000 679 1080 10.438000 431 40 10.394000 631 1072 10.331000 328 0 10.322000 664 0 10.322000 496 1028 10.330000 539 0 10.285000 505 0 10.365000 502 0 10.377000 422 4 10.322000 586 1028 10.328000 517 0 10.408000 479 0 10.297000 497 0 10.356000 574 0 10.339000 
232 0 60.497002 835 20 10.319000 412 104 10.345000 627 1124 10.350000 461 52 10.398000 600 1088 10.356000 328 0 10.345000 664 0 10.372000 497 0 10.360000 540 4 10.332000 505 0 10.383000 502 0 10.371000 423 8 10.278000 586 0 10.332000 517 0 10.358000 478 4 10.274000 497 0 10.317000 574 0 10.730000 
232 0 60.469002 838 8 10.325000 459 104 10.280000 576 1132 10.342000 492 68 10.244000 557 1108 10.310000 329 4 10.335000 664 0 10.307000 498 0 10.398010 540 0 10.354000 505 0 10.300000 502 0 10.388000 427 0 10.330000 586 0 10.335000 517 0 10.325000 478 0 10.349000 497 0 10.308000 574 0 10.328000 
232 0 60.474998 836 1028 10.212000 509 108 10.283000 531 1116 10.261000 522 60 10.345000 511 1124 10.369000 329 0 10.350000 664 0 10.342000 499 4 10.401000 540 0 10.339000 508 8 10.293000 502 0 10.294000 428 4 10.338000 586 0 10.356000 517 0 10.298000 479 0 10.320000 497 0 10.348000 574 0 10.304000 
232 0 60.465000 832 1028 10.236000 553 92 10.277000 485 1124 10.337000 555 68 10.356000 467 1116 10.248000 329 0 10.335000 664 0 10.339000 498 1028 10.272000 540 0 10.342000 510 8 10.340000 502 0 10.318000 429 0 10.258000 586 0 10.365000 517 0 10.449000 478 0 10.280000 497 0 10.308000 574 0 10.322000 
232 0 60.471001 825 1040 10.291000 596 96 10.339000 433 1132 10.329000 587 64 10.285000 428 1108 10.346000 329 0 10.301000 663 1028 10.345000 498 0 10.429000 540 0 10.365000 511 0 10.310000 500 0 10.387000 429 0 10.363000 586 0 10.286000 517 0 10.327000 478 0 10.264000 497 0 10.308000 574 0 10.336000 
234 0 60.390999 811 1052 10.337000 636 76 10.365000 387 1120 10.326000 612 60 10.335000 392 1100 10.290000 328 1028 10.275000 660 1032 10.330000 499 4 10.249000 540 0 10.279000 511 0 10.302000 499 1028 10.209000 430 0 10.239000 582 0 10.262000 517 0 10.333984 478 1028 10.230000 497 0 10.261000 574 0 10.289000 
238 8 60.412998 798 1048 10.260000 670 72 10.298000 345 1112 10.384000 630 36 10.304000 359 1088 10.356000 328 0 10.261000 655 1032 10.191000 498 0 10.241000 540 0 10.239000 511 0 10.327000 498 0 10.204000 431 4 10.227000 580 1028 10.276000 517 0 10.286000 478 4 10.179000 497 0 10.235000 574 0 10.246000 
238 0 60.318001 790 1044 10.204000 701 64 10.210000 306 1104 10.274000 649 40 10.384000 331 1080 10.286000 328 0 10.298000 653 1028 10.416000 498 1028 10.282000 539 0 10.259000 511 0 10.328000 498 0 10.322000 431 0 10.363000 580 0 10.300000 517 0 10.359000 478 4 10.270000 497 0 10.336000 574 0 10.363000 
238 0 60.525002 778 1040 10.269000 727 40 10.306000 282 1072 10.317000 657 12 10.338000 319 1044 10.278000 328 0 10.226000 652 1028 10.355000 498 0 10.354000 539 0 10.282000 511 0 10.396000 498 0 10.361000 432 4 10.294000 580 0 10.414000 517 0 10.361000 479 4 10.329000 497 0 10.413000 574 0 10.299000 
238 0 60.549999 779 1028 10.356000 726 1028 10.299000 285 4 10.298000 656 1028 10.358000 321 8 10.307000 328 0 10.200000 652 0 10.355000 498 0 10.399000 539 0 10.313000 511 0 10.372000 498 0 10.364000 432 0 10.279000 580 0 10.360000 517 0 10.289000 478 4 10.320000 497 0 10.373000 574 0 10.306000 
238 0 60.474976 779 0 10.278000 726 0 10.334000 285 0 10.338000 655 0 10.409000 321 0 10.366000 328 0 10.309000 652 0 10.364000 498 0 10.403000 539 0 10.355000 511 0 10.346000 498 0 10.371000 432 0 10.273000 580 1028 10.319000 517 0 10.396000 479 0 10.278000 497 0 10.329000 574 0 10.294000 
238 0 60.509998 779 0 10.291000 726 0 10.334000 285 0 10.412000 655 0 10.313000 321 0 10.259000 328 0 10.223000 652 0 10.157000 498 0 10.426000 539 0 10.167000 511 0 10.180000 498 0 10.159000 432 0 10.258000 580 0 10.275000 517 0 10.416000 479 0 10.264000 497 0 10.307000 574 0 10.301000 
238 0 60.469002 779 0 10.304000 726 0 10.360000 285 0 10.375000 656 0 10.338000 321 0 10.352000 329 0 10.353000 653 0 10.392000 499 0 10.333000 539 0 10.326000 511 0 10.399000 498 0 10.320000 430 0 10.265000 580 0 10.284000 514 0 10.298000 479 0 10.283000 497 0 10.295000 572 1028 10.299000 
238 0 60.376999 781 4 10.256000 726 0 10.287000 285 0 10.318000 655 1028 10.332000 321 0 10.403000 328 1028 10.307000 654 0 10.266000 497 1032 10.300000 542 4 10.276000 521 16 10.270000 493 0 10.222000 414 1064 10.264000 595 16 10.265000 500 1064 10.246000 488 28 10.275000 499 4 10.334000 572 0 10.285000 
238 0 60.412998 778 1032 10.339000 726 0 10.252991 285 0 10.281000 655 0 10.349000 321 0 10.319000 329 4 10.263000 655 4 10.360000 495 0 10.372000 549 12 10.289000 528 12 10.297000 477 1060 10.338000 394 1068 10.316000 617 48 10.314000 484 1052 10.341000 497 12 10.315000 499 0 10.360000 570 1028 10.367000 
238 0 60.479000 778 0 10.255000 726 0 10.347000 285 0 10.342000 655 0 10.360000 321 0 10.368000 329 0 10.323000 661 8 10.325000 493 1032 10.352000 553 8 10.296000 541 24 10.334000 466 1052 10.333000 369 1072 10.299000 642 44 10.324000 464 1064 10.213000 502 12 10.246000 500 0 10.277000 567 1032 10.281000 
238 0 60.379002 778 0 10.224000 726 0 10.240000 285 0 10.230000 655 0 10.287000 321 0 10.317000 329 0 10.275000 667 16 10.303000 491 0 10.316000 555 0 10.279000 549 12 10.293000 453 1052 10.299000 341 1080 10.279000 668 52 10.279000 443 1064 10.268000 507 12 10.257000 499 1028 10.284000 567 0 10.265000 
238 0 60.483002 778 0 10.317000 726 0 10.321000 285 0 10.342000 656 0 10.367000 322 0 10.329000 329 0 10.292000 674 12 10.360000 490 0 10.383000 555 0 10.348000 554 8 10.367000 441 1048 10.313000 311 1084 10.311000 696 56 10.340000 426 1056 10.326000 509 8 10.301000 499 0 10.341000 567 0 10.269000 
238 0 60.455002 779 4 10.281000 726 0 10.349000 285 0 10.342000 655 1028 10.413000 322 0 10.388000 329 0 10.342000 680 16 10.284000 490 0 10.333008 554 0 10.340000 566 20 10.318000 434 1040 10.346000 276 1088 10.346000 723 56 10.301000 423 0 10.286000 511 4 10.339000 499 0 10.296000 567 0 10.352000 
238 0 60.424999 781 8 10.343000 726 0 10.356000 285 0 10.307000 656 0 10.355000 322 0 10.340000 328 0 10.344000 686 12 10.362000 490 0 10.465000 554 0 10.418000 584 36 10.482000 426 1040 10.360000 241 1096 10.270000 761 68 10.295000 423 0 10.256000 513 4 10.275000 499 0 10.272000 567 0 10.860000 
238 0 60.449001 781 0 10.343000 726 0 10.386000 285 0 10.260000 655 0 10.314000 322 0 10.266000 326 1028 10.247000 694 16 10.331000 490 0 10.375000 553 1028 10.311000 599 28 10.308000 420 1036 10.363000 206 1092 10.332000 801 76 10.317000 423 0 10.374000 514 4 10.335000 502 4 10.302000 567 0 10.317000 
238 0 60.443001 782 0 10.352000 726 0 10.370000 285 0 10.340000 655 0 10.360000 322 0 10.388000 325 1028 10.378000 696 8 10.453000 493 4 10.287000 553 0 10.269000 604 4 10.297000 420 0 10.323000 178 1096 10.299000 842 80 10.355000 422 0 10.346000 513 0 10.259000 504 0 10.337000 567 0 10.366000 
238 0 60.320000 784 8 10.240000 726 0 10.399000 285 0 10.292000 655 0 10.361000 322 0 10.400000 325 0 10.362000 702 16 10.346000 496 8 10.297000 554 4 10.312000 604 0 10.259000 420 0 10.349000 177 1028 10.391000 858 8 10.302979 422 0 10.376000 515 4 10.355000 508 12 10.322000 566 0 10.320000 
238 0 60.417000 783 0 10.313000 724 1028 10.283000 285 0 10.276000 655 0 10.291000 322 0 10.319000 325 0 10.275000 701 1028 10.249000 499 8 10.299000 553 1028 10.283000 604 0 10.395000 420 0 10.320000 159 1068 10.295000 858 0 10.391000 422 0 10.371000 515 0 10.289000 512 8 10.377000 565 0 10.311000 
238 0 60.529999 783 0 10.343000 724 0 10.328000 285 0 10.211000 655 0 10.232000 322 0 10.246000 324 1028 10.252000 701 1028 10.178000 502 12 10.236000 551 1028 10.251000 604 0 10.302000 420 0 10.270000 151 1040 10.277000 859 4 10.331000 422 0 10.337000 515 0 10.268000 513 0 10.341000 565 0 10.356000 
238 0 60.319000 783 0 10.177000 724 0 10.147000 285 0 10.167000 655 0 10.145000 322 4 10.179000 325 0 10.321000 701 1028 10.369000 504 0 10.360000 551 0 10.319000 601 1028 10.395000 422 4 10.324000 149 1036 10.245000 859 0 10.405000 423 4 10.397000 512 1028 10.300000 513 1028 10.359000 566 0 10.345000 
238 0 60.515999 783 0 10.317000 724 4 10.328000 285 0 10.357000 655 0 10.287000 322 0 10.251000 329 8 10.251000 701 0 10.269000 500 1036 10.211000 551 0 10.248000 599 1028 10.292000 428 12 10.272000 149 0 10.238000 856 1028 10.284000 424 4 10.346000 511 1028 10.330000 513 0 10.360000 566 0 10.370000 
238 0 60.409973 783 0 10.292000 724 0 10.300000 285 0 10.234000 655 4 10.267000 322 0 10.320000 329 0 10.348000 701 0 10.337000 500 0 10.406000 552 0 10.309000 599 0 10.336000 432 8 10.406000 149 0 10.286000 858 0 10.281000 424 0 10.317000 512 0 10.302000 513 0 10.335000 566 0 10.396000 
238 0 60.465000 783 0 10.306000 724 0 10.304000 285 0 10.218000 655 0 10.383000 322 0 10.357000 329 0 10.333000 701 0 10.353000 500 0 10.304000 552 0 10.222000 599 0 10.273000 434 4 10.281000 149 0 10.244000 858 0 10.228000 424 0 10.283000 512 0 10.311000 513 0 10.376000 566 0 10.283000 
238 0 60.514999 783 0 10.319000 724 0 10.358000 285 0 10.333000 655 0 10.373000 322 1028 10.344000 329 0 10.339000 701 0 10.351000 500 0 10.411000 552 0 10.342000 599 0 10.390000 438 8 10.349000 149 0 10.322000 858 0 10.325000 424 0 10.366000 512 0 10.282000 513 0 10.264000 566 0 10.287000 
238 0 60.526001 783 0 10.288000 724 0 10.360000 285 0 10.328000 655 0 10.301000 322 0 10.373000 329 0 10.335000 701 0 10.348000 500 0 10.405000 552 0 10.373000 599 0 10.282000 441 12 10.331000 149 0 10.203000 858 0 10.305000 422 0 10.393000 512 0 10.304000 513 0 10.319000 566 0 10.318000 
238 0 60.412998 783 0 10.294006 724 0 10.385000 285 0 10.273000 655 0 10.281000 322 0 10.315000 329 0 10.374000 701 0 10.271000 500 0 10.293000 552 0 10.372000 599 0 10.283000 446 8 10.282000 149 0 10.319000 858 0 10.316000 424 0 10.287000 512 0 10.337000 513 0 10.361000 566 0 10.298000 
238 0 60.429001 783 0 10.260000 724 0 10.282000 285 0 10.329000 654 0 10.276000 322 0 10.280000 329 0 10.306000 701 0 10.358000 500 0 10.277000 552 0 10.286000 599 0 10.411000 451 12 10.277000 149 0 10.287000 858 0 10.351000 424 0 10.259000 512 0 10.287000 513 0 10.390000 566 0 10.372000 
238 0 60.443001 783 0 10.356000 724 0 10.337000 285 0 10.277000 655 0 10.395000 322 0 10.355000 329 0 10.315000 701 0 10.327000 500 0 10.334000 552 0 10.343000 599 0 10.377000 454 4 10.302000 149 0 11.044000 858 0 10.222000 424 0 10.294000 512 0 10.276000 513 0 10.265000 566 0 10.319000 
238 0 60.513000 783 0 10.346000 724 0 10.394000 285 0 10.328000 655 0 10.372000 322 0 10.404000 329 0 10.326000 701 0 10.352000 500 0 10.415000 552 0 10.324000 599 0 10.325000 456 4 10.284000 149 0 10.308000 858 0 10.341000 424 0 10.348000 512 0 10.316000 513 0 10.325000 566 0 10.229000 
238 0 60.374001 783 0 10.289000 724 0 10.275000 285 0 10.253000 655 0 10.249000 321 4 10.286000 329 0 10.372000 701 0 10.380005 500 0 10.372000 552 0 10.363000 599 0 10.357000 456 0 10.329000 149 0 10.305000 856 0 10.329000 424 0 10.347000 512 0 10.336000 513 0 10.396000 566 0 10.355000 
238 0 60.448002 783 0 10.306000 724 0 10.331000 285 0 10.342000 655 0 10.314000 322 0 10.336000 329 0 10.348000 701 0 10.307000 500 0 10.365000 552 0 10.319000 599 0 10.293000 457 4 10.356000 149 0 10.317000 858 0 10.310000 424 0 10.372000 512 0 10.344000 513 0 10.337000 566 0 10.390000 
238 0 60.479000 783 0 10.316000 724 0 10.328000 285 0 10.304000 655 0 10.292000 322 0 10.252000 329 0 10.296000 701 0 10.324000 500 0 10.360000 552 0 10.289000 599 0 10.397000 457 0 10.335000 149 0 10.291000 856 0 10.337000 424 0 10.340000 512 0 10.313000 513 0 10.366000 566 0 10.362000 
238 0 60.473000 783 0 10.328000 724 0 10.329000 285 0 10.340000 655 0 10.395000 322 0 10.322000 329 0 10.318000 701 0 10.376000 500 0 10.308000 552 0 10.341000 599 0 10.340000 457 0 10.345000 149 0 10.320000 856 0 10.361000 424 0 10.277000 512 0 10.292000 513 0 10.370000 566 0 10.340000 
238 0 60.220001 783 0 10.157000 724 0 10.189000 285 0 10.242000 655 0 10.267000 322 0 10.362000 329 0 10.349000 701 0 10.231000 500 0 10.266000 552 0 10.290000 599 0 10.254000 458 0 10.278000 149 0 10.312988 856 0 10.369000 424 0 10.281000 512 0 10.323000 513 0 10.364000 566 0 10.274000 
238 0 60.466000 783 0 10.342000 724 0 10.279000 285 0 10.282000 655 0 10.379000 322 4 10.286000 329 0 10.296000 701 1028 10.416000 500 0 10.303000 552 0 10.286000 599 0 10.362000 458 0 10.306000 149 0 10.284000 856 0 10.404000 424 0 10.272000 512 0 10.261000 513 0 10.321000 566 0 10.369000 
238 0 60.414001 783 0 10.211000 724 0 10.217000 285 0 10.215000 655 0 10.262000 322 4 10.330000 329 0 10.186000 701 0 10.244000 500 0 10.250000 552 0 10.231000 599 0 10.286000 458 0 10.237000 149 0 10.286000 856 0 10.331000 424 0 10.258000 512 0 10.313000 513 0 10.355000 566 0 10.352000 
238 0 60.544998 783 0 10.315000 724 0 10.335000 285 0 10.296000 655 0 10.375000 322 0 10.361000 329 0 10.290000 701 0 10.288000 500 0 10.304000 552 0 10.270000 599 0 10.417000 458 0 10.380000 149 0 10.313000 856 0 10.345000 424 0 10.380000 512 0 10.321000 513 0 10.414000 566 0 10.303000 
238 0 60.535000 783 0 10.246000 724 0 10.278000 285 0 10.342000 655 4 10.330000 322 0 10.258000 329 0 10.251000 701 0 10.310000 500 0 10.288000 552 0 10.262000 599 0 10.409000 458 0 10.269000 149 0 10.258000 856 0 10.307000 424 0 10.299000 512 0 10.291000 513 0 10.286000 566 0 10.415000 
238 0 60.388000 783 0 10.331000 724 0 10.360000 285 0 10.259000 655 1028 10.365000 322 0 10.299000 329 0 10.270000 701 0 10.306000 500 0 10.409000 552 0 10.263000 599 0 10.305000 458 0 10.383000 149 0 10.279000 856 0 10.315000 424 0 10.412000 512 0 10.250000 513 0 10.293000 566 0 10.417000 
238 0 60.431000 783 0 10.284000 724 0 10.377000 285 0 10.269000 655 0 10.292000 322 0 10.407000 329 0 10.293000 701 0 10.282000 500 0 10.406000 552 0 10.274000 599 0 10.272000 458 0 10.350000 149 0 10.251000 856 0 10.307000 424 0 10.296000 512 0 10.269000 513 0 10.264000 566 0 10.256000 
238 0 60.452999 783 0 10.276000 724 0 10.311000 285 0 10.272000 655 0 10.308000 322 0 10.265000 329 0 10.278000 701 0 10.257000 500 0 10.293000 552 0 10.277000 599 0 10.282000 458 0 10.311000 149 0 10.245000 856 0 10.332000 424 0 10.286000 512 0 10.274000 513 0 10.317000 566 0 10.301000 
238 0 60.387001 783 0 10.284000 724 0 10.306000 285 0 10.315000 655 0 10.367000 322 0 10.370000 329 0 10.289000 701 0 10.308000 500 0 10.368000 552 0 10.275000 -2 599 10.341000 0 458 10.211000 0 149 10.207000 0 856 10.268000 0 424 10.253000 0 512 10.275000 0 513 10.304000 0 566 10.285000 
0 238 60.487976 0 783 10.291000 0 724 10.370000 0 285 10.303000 0 655 10.365000 0 322 10.368000 0 329 10.267000 0 701 10.357000 0 500 10.432000 0 552 10.247000 0 599 10.325000 0 458 10.250000 0 149 10.263000 0 855 10.237000 -2 424 10.251000 0 512 10.249000 0 513 10.241000 0 566 10.343000 
0 238 60.313000 0 783 10.211000 0 724 10.247000 0 285 10.221000 0 655 10.163000 0 322 10.247000 0 329 10.232000 0 701 10.249000 0 500 10.273000 0 551 10.261000 0 599 10.265000 0 459 10.296000 4 149 10.227000 0 855 10.255000 0 424 10.254000 0 512 10.231000 0 513 10.181000 0 566 10.236000 
0 238 60.280998 0 783 10.172000 0 724 10.238000 0 285 10.207000 0 655 10.149000 0 322 10.179000 0 329 10.220000 0 701 10.258000 0 500 10.228000 0 552 10.276000 0 599 10.203000 0 459 10.250000 0 149 10.219000 0 855 10.260000 0 424 10.206000 0 512 10.199000 0 513 10.221000 0 566 10.178000 
0 238 60.248001 0 784 10.175000 0 724 10.172000 0 285 10.175000 0 655 10.173000 0 322 10.174000 0 329 10.185000 0 701 10.169000 0 500 10.174000 0 552 10.177000 0 599 10.178000 0 459 10.164000 0 149 10.200000 0 855 10.201000 0 424 10.213000 0 512 10.207000 0 513 10.216000 0 566 10.164000 
0 238 60.223000 0 783 10.186000 0 724 10.235000 0 285 10.230000 0 655 10.191000 0 322 10.225000 0 329 10.218994 0 701 10.227000 0 500 10.262000 0 552 10.292000 0 599 10.350000 0 459 10.259000 0 149 10.253000 0 855 10.354000 0 424 10.290000 0 512 10.253000 0 513 10.230000 0 566 10.281000 
0 238 60.334999 0 783 10.266000 0 724 10.227000 0 285 10.290000 0 655 10.264000 0 322 10.269000 0 329 10.299000 0 701 10.296000 0 500 10.208000 0 552 10.250000 0 599 10.222000 0 459 10.187000 0 149 10.282000 0 855 10.212000 0 424 10.205000 0 512 10.202000 0 513 10.220000 0 566 10.184000 
0 238 60.219002 0 783 10.159000 0 724 10.157000 0 285 10.293000 0 655 10.360000 0 322 10.290000 0 329 10.244000 0 701 10.249000 0 500 10.291000 0 552 10.231000 0 599 10.310000 0 459 10.312000 0 149 10.284000 0 855 10.288000 0 424 10.314000 0 512 10.271000 0 513 10.334000 8 566 10.394000 
0 238 60.460999 0 783 10.295000 0 724 10.270000 0 285 10.323000 0 655 10.273000 0 322 10.174000 0 329 10.187000 0 701 10.179000 0 500 10.165000 0 552 10.158000 0 599 10.246000 0 459 10.279000 0 149 10.325000 0 855 10.267000 0 424 10.288000 0 512 10.267000 0 513 10.269000 0 566 10.271000 
0 238 60.407001 0 783 10.235000 0 724 10.285000 0 285 10.224000 0 655 10.254000 0 322 10.256000 0 329 10.274000 0 701 10.317000 0 500 10.362000 0 552 10.318000 0 599 10.228000 0 459 10.347000 0 149 10.260010 0 855 10.289000 0 424 10.332000 0 512 10.322000 0 513 10.283000 0 566 10.303000 
0 238 60.506001 0 783 10.268000 0 724 10.302000 0 285 10.396000 0 655 10.268000 0 322 10.307000 0 329 10.370000 0 701 10.249000 0 500 10.289000 0 552 10.324000 0 599 10.323000 0 459 10.398000 0 149 10.322000 0 855 10.287000 0 424 10.395000 0 512 10.302000 0 513 10.294000 0 566 10.398000 
0 238 60.518002 0 783 10.341000 0 724 10.371000 0 285 10.436000 0 655 10.249000 0 322 10.334000 0 329 10.289000 0 701 10.390000 0 500 10.394000 0 552 10.314000 0 599 10.395000 0 459 10.418000 0 149 10.262000 0 855 10.264000 0 424 10.267000 0 512 10.183000 0 513 10.254000 0 566 10.262000 
0 238 60.479000 0 783 10.212000 0 724 10.267000 0 285 10.229000 0 655 10.246000 0 322 10.231000 0 329 10.229000 0 701 10.330000 0 500 10.245000 0 552 10.336000 0 599 10.386000 0 459 10.335000 0 149 10.275000 0 855 10.334000 0 424 10.287000 0 512 10.252000 0 513 10.345000 0 566 10.281000 
0 238 60.376999 0 783 10.277000 0 724 10.336000 0 285 10.345000 0 655 10.266000 0 322 10.360000 0 329 10.270000 0 701 10.210000 0 500 10.316000 0 552 10.277000 0 599 10.289000 0 459 10.333000 0 149 10.359000 0 855 10.294000 0 424 10.424000 0 512 10.302000 0 513 10.361000 0 566 10.343000 
0 238 60.510986 0 783 10.344000 0 724 10.358000 0 285 10.331000 0 655 10.364000 0 322 10.307000 0 329 10.303000 0 701 10.314000 0 500 10.300000 0 552 10.305000 0 599 10.326000 0 459 10.394000 0 149 10.327000 0 855 10.356000 0 424 10.307000 0 512 10.250000 0 513 10.172000 0 566 10.238000 
0 238 60.463001 0 783 10.291000 0 724 10.272000 0 285 10.356000 0 655 10.248000 0 322 10.259000 0 329 10.296000 0 701 10.338000 0 500 10.316000 0 552 10.262000 0 599 10.207000 0 459 10.322000 0 149 10.322000 0 855 10.325000 0 424 10.347000 0 512 10.393000 0 513 10.313000 0 566 10.342000 
0 238 60.512001 0 783 10.368000 0 724 10.349000 0 285 10.318000 0 655 10.373000 0 322 10.327000 0 329 10.331000 0 701 10.355000 0 500 10.314000 0 552 10.284000 0 599 10.250000 0 459 10.300000 0 149 10.320000 0 855 10.341000 0 424 10.367000 0 512 10.324000 0 513 10.393000 0 566 10.306000 
0 238 60.509998 0 783 10.341000 0 724 10.339000 0 285 10.343000 0 655 10.320000 0 322 10.378000 0 329 10.342000 0 701 10.316000 0 500 10.329000 0 552 10.338000 0 599 10.314000 0 459 10.337000 0 149 10.373000 0 855 10.242000 0 424 10.274000 0 512 10.301000 0 513 10.301000 0 566 10.314000 
0 238 60.486000 0 783 10.299988 0 724 10.362000 0 285 10.325000 0 655 10.341000 0 322 10.389000 0 329 10.300000 0 701 10.355000 0 500 10.402000 0 552 10.302000 0 599 10.325000 0 459 10.387000 0 149 10.237000 0 855 10.304000 0 424 10.291000 0 512 10.283000 0 513 10.275000 0 566 10.285000 
0 238 60.448002 0 783 10.316000 0 724 10.329000 -2 285 10.345000 0 655 10.397000 0 322 10.394000 0 329 10.288000 0 701 10.374000 0 500 10.352000 0 552 10.286000 0 599 10.386000 0 459 10.344000 0 149 10.324000 0 855 10.362000 0 424 10.359000 0 512 10.265000 0 513 10.313000 0 566 10.289000 
0 238 60.306999 0 783 10.303000 0 724 10.267000 4 285 10.254000 0 655 10.171000 0 322 10.171000 0 329 10.178000 0 701 10.163000 0 500 10.234000 0 552 10.229000 0 599 10.403000 0 459 10.327000 0 149 10.278000 0 855 10.304000 0 424 10.320000 0 512 10.230000 0 513 10.325000 0 566 10.330000 
0 238 60.539001 0 783 10.345000 0 724 10.355000 0 285 10.327000 0 655 10.379000 0 322 10.341000 -2 329 10.348000 0 701 10.317000 0 500 10.364000 0 552 10.353000 0 599 10.347000 0 459 10.361000 0 149 10.286000 0 855 10.349000 0 424 10.363000 0 512 10.376000 0 513 10.342000 0 566 10.304000 
-2 238 60.381001 0 783 10.261000 0 724 10.315000 0 285 10.272000 0 655 10.322000 0 322 10.323000 0 329 10.322998 0 701 10.379000 0 500 10.337000 0 552 10.298000 0 599 10.336000 0 459 10.310000 0 149 10.315000 0 855 10.319000 0 424 10.354000 0 512 10.336000 0 513 10.366000 0 566 10.325000 
0 238 60.508999 0 783 10.323000 0 724 10.337000 0 285 10.379000 0 655 10.325000 0 322 10.403000 0 329 10.374000 0 701 10.337000 0 500 10.399000 0 552 10.364000 0 599 10.340000 0 459 10.392000 0 149 10.338000 0 855 10.270000 0 424 10.338000 0 512 10.294000 0 513 10.328000 0 566 10.364000 
0 238 60.328999 0 783 10.269000 0 724 10.322000 0 285 10.283000 0 655 10.265000 0 322 10.251000 0 329 10.184000 0 701 10.261000 0 500 10.216000 0 552 10.332000 0 599 10.353000 0 460 10.307000 4 149 10.231000 0 855 10.278000 0 424 10.366000 0 512 10.313000 0 513 10.407000 0 566 10.387000 
0 238 60.452000 0 783 10.326000 0 723 10.306000 0 285 10.296000 0 655 10.403000 0 322 10.304000 0 329 10.280000 0 701 10.357000 0 500 10.359000 0 552 10.255000 0 599 10.339000 0 460 10.365000 0 149 10.264000 0 855 10.357000 0 424 10.366000 0 512 10.264000 0 513 10.350000 0 566 10.368000 
0 238 60.422001 0 783 10.271000 0 724 10.184000 0 285 10.199000 0 655 10.232000 0 322 10.283000 0 329 10.233000 0 701 10.221000 0 500 10.245000 0 552 10.264000 0 599 10.260000 0 459 10.206000 0 149 10.250977 0 855 10.321000 0 424 10.285000 0 512 10.275000 0 513 10.312000 0 566 10.349000 
0 238 60.431000 0 783 10.301000 0 724 10.337000 0 285 10.264000 0 655 10.299000 0 322 10.414000 4 329 10.285000 0 701 10.291000 0 500 10.421000 0 552 10.279000 0 599 10.278000 0 460 10.387000 0 149 10.319000 0 855 10.392000 0 424 10.345000 0 512 10.319000 0 513 10.394000 0 566 10.284000 
0 238 60.497002 0 783 10.293000 0 724 10.362000 0 285 10.396000 0 655 10.247000 0 322 10.333000 0 329 10.358000 0 701 10.351000 0 500 10.399000 0 552 10.336000 0 599 10.309000 0 460 10.364000 0 149 10.908000 0 855 10.266000 0 424 10.281000 0 512 10.513000 0 513 10.288000 0 566 10.260000 
0 238 60.384998 0 783 10.316000 0 724 10.285000 0 285 10.303000 0 655 10.410000 0 322 10.356000 0 329 10.211000 0 701 10.311000 0 500 10.324000 0 552 10.285000 0 599 10.282000 0 460 10.265000 0 149 10.280000 0 855 10.255000 0 424 10.319000 0 512 10.244000 0 513 10.299000 0 566 10.241000 
0 238 60.397999 0 783 10.248000 0 724 10.317000 0 285 10.349000 0 655 10.305000 0 322 10.333000 0 329 10.239000 0 701 10.255000 0 500 10.244000 0 552 10.235000 0 599 10.290000 0 460 10.290000 0 149 10.294000 0 855 10.293000 0 424 10.256000 0 512 10.283000 0 513 10.268000 0 566 10.268982 
0 238 60.487000 0 783 10.308000 0 724 10.389000 0 285 10.354000 0 655 10.317000 0 322 10.398000 0 329 10.345000 0 701 10.354000 0 500 10.288000 0 552 10.265000 0 599 10.365000 0 460 10.393000 0 149 10.320000 0 855 10.268000 0 424 10.285000 0 512 10.189000 0 513 10.223000 0 566 10.222000 
0 238 60.332001 0 783 10.276000 0 724 10.373000 0 285 10.298000 0 655 10.298000 0 321 10.630000 0 329 10.236000 0 701 10.191000 0 500 10.235000 0 552 10.205000 0 599 10.260000 0 460 10.220000 0 149 10.304000 0 855 10.198000 0 424 10.177000 0 512 10.221000 0 513 10.196000 0 566 10.316000 
0 238 60.470001 0 783 10.338000 0 724 10.313000 0 285 10.343000 0 655 10.325000 0 322 10.363000 0 329 10.286000 0 701 10.265000 0 500 10.378000 0 552 10.274000 0 599 10.334000 0 460 10.311000 0 149 10.392000 0 855 10.274000 0 424 10.359000 0 512 10.325000 0 513 10.327000 0 566 10.343000 
0 238 60.508999 0 783 10.297000 0 724 10.269000 0 285 10.274000 0 655 10.309000 0 322 10.346000 0 329 10.262000 0 701 10.178000 0 500 10.192000 0 552 10.165000 0 599 10.148000 0 460 10.156000 0 149 10.161000 0 855 10.269000 0 424 10.274000 0 512 10.270000 0 513 10.355000 0 566 10.337000 
0 238 60.286987 0 783 10.273000 0 724 10.178000 0 285 10.251000 0 656 10.248000 0 322 10.197000 0 329 10.197000 0 701 10.164000 0 500 10.211000 0 552 10.243000 0 599 10.853000 0 460 10.192000 0 149 10.178000 0 855 10.186000 0 424 10.224000 0 512 10.213000 0 513 10.202000 0 566 10.292000 
0 238 60.333000 0 783 10.243000 0 724 10.223000 0 285 10.297000 0 655 10.252000 0 322 10.280000 0 329 10.307000 0 701 10.195000 0 500 10.206000 0 552 10.187000 0 599 10.222000 0 460 10.233000 0 149 10.240000 0 855 10.195000 0 424 10.169000 0 512 10.172000 0 513 10.235000 0 566 10.225000 
0 238 60.328999 0 783 10.165000 0 724 10.159000 0 285 10.210000 0 655 10.215000 0 322 10.260000 0 329 10.260000 0 701 10.245000 0 500 10.281000 0 552 10.295000 0 599 10.236000 0 460 10.232000 0 149 10.259000 0 855 10.246000 0 424 10.241000 0 512 10.249000 0 513 10.272000 0 566 10.263000 
0 238 60.271999 0 783 10.199000 0 724 10.178000 0 285 10.202000 0 655 10.219000 0 322 10.261000 0 329 10.235000 0 701 10.286000 0 500 10.219000 0 552 10.304000 0 599 10.281000 0 460 10.216000 0 149 10.192000 0 855 10.285000 0 424 10.269000 0 512 10.221000 0 513 10.278000 0 566 10.390000 
0 238 60.411999 0 783 10.315000 0 724 10.311000 0 285 10.293000 0 655 10.223000 0 322 10.316000 0 329 10.320007 0 701 10.383000 0 500 10.353000 0 552 10.319000 0 599 10.348000 0 461 10.323000 0 149 10.300000 0 855 10.294000 0 424 10.355000 0 512 10.327000 0 513 10.275000 0 566 10.363000 
0 238 60.374001 0 783 10.344000 0 724 10.303000 0 285 10.304000 0 655 10.340000 0 322 10.370000 0 329 10.260000 0 701 10.362000 0 500 10.364000 0 552 10.370000 0 599 10.341000 0 460 10.391000 0 149 10.274000 0 855 10.296000 0 424 10.298000 0 512 10.390000 0 513 10.405000 0 566 10.308000 
0 238 60.403000 0 783 10.238000 0 724 10.276000 0 285 10.327000 0 655 10.332000 0 322 10.297000 0 329 10.324000 0 701 10.348000 0 500 10.270000 0 552 10.283000 0 599 10.299000 0 460 10.300000 0 149 10.295000 0 855 10.307000 0 424 10.384000 0 512 10.358000 0 513 10.340000 0 566 10.322000 
0 238 60.541000 0 783 10.319000 0 724 10.315000 0 285 10.282000 0 655 10.415000 0 322 10.365000 0 329 10.305000 0 701 10.359000 0 500 10.362000 0 552 10.278000 0 599 10.291000 0 460 10.336000 0 149 10.246000 0 855 10.317000 0 424 10.283000 0 512 10.271000 0 513 10.320000 0 566 10.366000 
0 238 60.375000 0 783 10.216000 0 724 10.281000 0 285 10.303000 0 655 10.261000 0 322 10.408000 0 329 10.383000 0 701 10.345000 0 500 10.348000 0 552 10.264000 0 599 10.362000 0 460 10.270020 0 149 10.366000 0 855 10.360000 0 424 10.320000 0 512 10.325000 0 513 10.328000 0 566 10.448000 
0 238 60.433998 0 783 10.326000 0 724 10.327000 0 285 10.282000 0 655 10.263000 0 322 10.175000 0 329 10.177000 0 701 10.275000 0 500 10.307000 0 552 10.245000 0 599 10.296000 0 460 10.206000 0 149 10.246000 0 855 10.262000 0 424 10.279000 0 512 10.261000 0 513 10.336000 0 566 10.304000 
0 238 60.296001 0 783 10.217000 0 724 10.214000 0 285 10.199000 0 655 10.938000 0 322 10.230000 0 329 10.195000 0 701 10.230000 0 500 10.212000 0 552 10.195000 0 599 10.232000 0 460 10.214000 0 149 10.244000 0 855 10.215000 0 424 10.228000 0 512 10.235000 0 513 10.218000 0 566 10.167000 
0 238 60.344002 0 783 10.238000 0 724 10.215000 0 285 10.351000 0 655 10.322000 0 322 10.330000 0 329 10.285000 0 701 10.241000 0 500 10.177000 0 552 10.163000 0 599 10.158000 0 460 10.197000 0 149 10.196000 0 855 10.173000 0 424 10.213000 0 512 10.180000 0 513 10.222000 0 566 10.165000 
0 238 60.277000 0 783 10.202000 0 724 10.191000 0 285 10.219000 0 655 10.205000 0 322 10.182000 0 329 10.212000 0 701 10.264000 0 500 10.214000 0 552 10.166000 0 599 10.219000 0 460 10.185000 0 149 10.226000 0 855 10.207000 0 424 10.216000 0 512 10.217000 0 513 10.208000 0 566 10.218018 
0 238 60.298000 0 783 10.225000 0 724 10.273000 0 285 10.310000 0 655 10.223000 0 321 10.210000 0 329 10.224000 0 701 10.214000 0 500 10.237000 0 552 10.304000 0 599 10.217000 0 460 10.163000 0 149 10.162000 0 855 10.162000 0 424 10.160000 0 512 10.203000 0 513 10.225000 0 566 10.262000 
0 238 60.362999 0 783 10.256000 0 724 10.317000 0 285 10.313000 0 655 10.279000 4 322 10.276000 0 329 10.263000 0 701 10.202000 0 500 10.240000 0 552 10.175000 0 599 10.190000 0 460 10.279000 0 149 10.239000 0 855 10.280000 0 424 10.305000 0 512 10.285000 0 514 10.292000 0 566 10.262000 
0 238 60.403999 0 783 10.244000 0 724 10.325000 0 285 10.293000 0 655 10.226000 -2 322 10.252000 0 329 10.198000 0 701 10.140000 0 500 10.179000 0 552 10.169000 0 599 10.232000 0 460 10.194000 0 149 10.198000 0 855 10.216000 0 422 10.218000 0 512 10.139000 0 513 10.192000 0 566 10.187000 
0 238 60.323002 0 783 10.216000 0 724 10.195000 0 285 10.200000 0 655 10.232000 0 322 10.250000 4 329 10.202000 0 701 10.207000 0 500 10.215000 0 552 10.230000 0 599 10.257000 0 460 10.230000 0 149 10.328000 0 855 10.281000 0 424 10.230000 0 512 10.217000 0 513 10.259000 0 566 10.226000 
0 238 60.375999 0 783 10.242981 0 724 10.239000 0 285 10.208000 0 655 10.273000 0 322 10.233000 0 329 10.259000 0 701 10.263000 0 500 10.286000 0 552 10.263000 0 599 10.286000 0 460 10.214000 0 149 10.243000 0 855 10.351000 0 424 10.271000 0 512 10.255000 0 513 10.309000 0 566 10.316000 
0 238 60.509998 0 783 10.314000 0 724 10.272000 0 285 10.261000 0 655 10.326000 0 322 10.319000 0 329 10.265000 0 701 10.213000 0 500 10.270000 0 552 10.247000 0 599 10.193000 0 460 10.227000 0 149 10.225000 0 855 10.195000 0 424 10.192000 0 512 10.150000 0 513 10.163000 0 566 10.210000 
0 238 60.416000 0 783 10.244000 0 724 10.227000 0 285 10.221000 0 655 10.235000 0 322 10.285000 0 329 10.246000 0 701 10.193000 0 500 10.219000 0 552 10.280000 0 599 10.217000 0 460 10.269000 0 149 10.358000 0 855 10.273000 0 424 10.250000 0 512 10.283000 0 513 10.273000 0 566 10.245000 
0 238 60.396999 0 783 10.250000 0 724 10.320000 0 285 10.329000 0 655 10.295000 0 322 10.240000 -2 329 10.293000 0 701 10.239000 0 500 10.258000 0 552 10.312000 0 599 10.260000 0 460 10.240000 0 149 10.274000 0 855 10.235000 0 424 10.260000 0 512 10.262000 0 513 10.252000 0 566 10.239000 
0 238 60.382999 0 783 10.276000 0 724 10.272000 0 285 10.317000 0 655 10.285000 0 322 10.259000 0 329 10.252000 0 701 10.289001 0 500 10.280000 0 552 10.283000 0 599 10.274000 0 460 10.295000 0 149 10.300000 0 855 10.281000 0 424 10.300000 0 512 10.301000 0 513 10.231000 0 566 10.226000 
0 238 60.361000 0 783 10.225000 0 724 10.163000 0 285 10.294000 0 655 10.297000 0 322 10.311000 0 329 10.264000 0 701 10.357000 0 500 10.275000 0 552 10.253000 0 599 10.258000 0 460 10.258000 0 149 10.256000 0 855 10.255000 0 424 10.239000 -2 512 10.249000 0 513 10.189000 0 566 10.189000 
0 238 60.326000 