229 820 328 701 413 648 328 667 497 539 505 502 412 590 517 478 497 574 
229 819 328 701 413 648 329 667 497 539 505 502 413 590 517 479 497 574 
229 818 328 701 413 648 329 667 497 539 505 502 414 590 517 479 497 574 
229 816 328 702 413 648 329 667 497 539 505 502 416 590 517 479 497 574 
232 815 328 702 413 648 329 667 497 539 505 502 419 590 517 478 497 574 
234 812 331 702 415 648 328 666 498 539 505 502 420 587 517 478 497 574 
232 823 360 679 431 631 328 664 496 539 505 502 422 586 517 479 497 574 
232 835 412 627 461 600 328 664 497 540 505 502 423 586 517 478 497 574 
232 838 459 576 492 557 329 664 498 540 505 502 427 586 517 478 497 574 
232 836 509 531 522 511 329 664 499 540 508 502 428 586 517 479 497 574 
232 832 553 485 555 467 329 664 498 540 510 502 429 586 517 478 497 574 
232 825 596 433 587 428 329 663 498 540 511 500 429 586 517 478 497 574 
234 811 636 387 612 392 328 660 499 540 511 499 430 582 517 478 497 574 
238 798 670 345 630 359 328 655 498 540 511 498 431 580 517 478 497 574 
238 790 701 306 649 331 328 653 498 539 511 498 431 580 517 478 497 574 
238 778 727 282 657 319 328 652 498 539 511 498 432 580 517 479 497 574 
238 779 726 285 656 321 328 652 498 539 511 498 432 580 517 478 497 574 
238 779 726 285 655 321 328 652 498 539 511 498 432 580 517 479 497 574 
238 779 726 285 655 321 328 652 498 539 511 498 432 580 517 479 497 574 
238 779 726 285 656 321 329 653 499 539 511 498 430 580 514 479 497 572 
238 781 726 285 655 321 328 654 497 542 521 493 414 595 500 488 499 572 
238 778 726 285 655 321 329 655 495 549 528 477 394 617 484 497 499 570 
238 778 726 285 655 321 329 661 493 553 541 466 369 642 464 502 500 567 
238 778 726 285 655 321 329 667 491 555 549 453 341 668 443 507 499 567 
238 778 726 285 656 322 329 674 490 555 554 441 311 696 426 509 499 567 
238 779 726 285 655 322 329 680 490 554 566 434 276 723 423 511 499 567 
238 781 726 285 656 322 328 686 490 554 584 426 241 761 423 513 499 567 
238 781 726 285 655 322 326 694 490 553 599 420 206 801 423 514 502 567 
238 782 726 285 655 322 325 696 493 553 604 420 178 842 422 513 504 567 
238 784 726 285 655 322 325 702 496 554 604 420 177 858 422 515 508 566 
238 783 724 285 655 322 325 701 499 553 604 420 159 858 422 515 512 565 
238 783 724 285 655 322 324 701 502 551 604 420 151 859 422 515 513 565 
238 783 724 285 655 322 325 701 504 551 601 422 149 859 423 512 513 566 
238 783 724 285 655 322 329 701 500 551 599 428 149 856 424 511 513 566 
238 783 724 285 655 322 329 701 500 552 599 432 149 858 424 512 513 566 