342 0 0 30.311001
342 0 0 70.838997
342 0 0 111.331001
342 0 0 151.761993
342 0 0 192.177002
342 0 0 232.597000
342 0 0 273.033997
342 0 0 313.424011
342 0 0 353.934998
342 0 0 394.419983
342 0 0 434.898987
342 0 0 475.414001
342 0 0 515.945007
342 0 0 556.443970
342 0 0 596.906006
342 0 0 637.301025
342 0 0 677.842041
342 0 0 718.309998
342 4 0 758.700989
344 4 0 799.200012
347 4 0 839.615967
351 4 0 880.169006
356 40 0 920.632996
363 40 0 961.132019
372 40 0 1001.565979
383 96 0 1041.973022
394 96 0 1082.412964
406 96 0 1122.813965
418 -1 0 1163.187012
431 140 0 1203.619019
444 140 0 1244.130005
457 156 0 1284.533936
469 156 0 1324.979980
483 156 0 1365.796021
499 156 0 1406.219971
512 168 0 1446.640015
526 168 0 1487.312012
540 168 0 1527.791016
553 168 0 1568.331055
566 168 0 1608.758057
579 168 0 1649.191040
591 152 0 1689.679932
601 152 0 1730.489014
611 152 0 1771.024048
624 132 0 1811.410034
634 132 0 1851.937988
646 132 0 1892.501953
657 132 0 1933.118042
668 128 0 1973.616943
678 128 0 2014.159058
688 128 0 2054.718994
698 116 0 2095.230957
706 116 0 2135.639893
716 116 0 2176.089111
723 108 0 2216.508057
733 108 0 2256.891113
742 108 0 2297.335938
749 100 0 2337.818848
757 100 0 2378.292969
766 100 0 2418.802002
774 100 0 2459.261963
783 100 0 2499.705078
793 100 0 2540.199951
803 100 0 2581.115967
812 112 0 2621.580078
821 112 0 2662.044922
832 112 0 2702.455078
842 116 0 2743.018066
852 116 0 2783.572998
863 116 0 2823.995117
872 124 0 2864.464111
884 124 0 2904.974121
894 124 0 2945.431885
904 124 0 2986.000000
915 120 0 3026.476074
927 120 0 3067.405029
938 120 0 3107.768066
950 132 0 3148.354004
961 132 0 3188.825928
972 132 0 3229.302979
983 124 0 3269.718018
995 124 0 3310.309082
1005 124 0 3350.845947
1016 124 0 3391.385010
1023 124 0 3431.877930
1023 124 0 3472.353027
1023 124 0 3512.847900
1023 124 0 3553.293945
1023 124 0 3593.864990
1023 124 0 3634.302002
1023 104 0 3674.875977
1023 104 0 3715.312012
1023 104 0 3755.678955
618 1668 0 3796.163086
618 1668 0 3836.708008
617 1668 0 3877.188965
618 1032 0 3917.668945
617 1032 0 3958.074951
0 1032 0 3998.592041
0 3440 0 4039.041016
0 3440 0 4079.470947
0 3440 0 4119.891113
0 3440 0 4160.418945
0 0 0 4200.870117
0 0 0 4241.398926
0 0 0 4281.853027
0 52 0 4322.336914
