156 0 20.393999 871 0 20.427999 290 0 20.407000 674 0 20.343000 420 0 20.409000 589 0 20.349001 354 0 20.334000 664 0 20.304001 496 0 20.243999 561 0 20.216999 498 0 20.214001 518 0 20.197001 476 0 20.197001 526 0 20.195000 480 0 20.204000 538 0 20.209999 521 0 20.208000 515 0 20.209999 
156 0 120.415001 871 0 20.243999 290 0 20.177999 674 0 20.156000 420 0 20.243999 589 0 20.190001 354 0 20.162001 663 0 20.181000 496 0 20.172001 561 0 20.167000 498 0 20.176001 518 0 20.188999 476 0 20.167000 526 0 20.209000 480 0 20.171000 538 0 20.156000 521 0 20.212999 515 0 20.214001 
156 0 20.204000 871 0 20.194000 290 1028 20.200989 674 0 20.209000 420 0 20.219999 589 0 20.216000 353 0 20.170000 663 1028 20.176001 498 4 20.191000 561 0 20.177000 499 0 20.243000 518 0 20.204000 476 0 20.250000 526 0 20.194000 480 0 20.205999 538 0 20.214001 520 0 20.219000 515 0 20.259001 
156 0 20.159000 871 0 20.198999 290 0 20.200001 674 0 20.208000 420 0 20.226000 589 0 20.174999 355 0 20.191999 664 4 20.233999 497 1028 20.230000 561 0 20.211000 499 0 20.246000 517 1028 20.214001 471 1036 20.202000 526 0 20.215000 480 0 20.174000 538 0 20.191999 520 0 20.181000 515 0 20.233000 
155 1028 20.169001 871 0 20.197001 290 0 20.173000 674 0 20.181999 420 0 20.226999 589 0 20.228001 353 1028 20.174999 664 0 20.167999 497 0 20.183001 561 0 20.214001 497 1028 20.240999 515 1028 20.236000 437 1068 20.174000 526 0 20.198000 480 0 20.188999 538 0 20.192017 521 4 20.207001 515 0 20.198999 
151 1032 20.212000 871 0 20.219999 290 0 20.229000 674 0 20.211000 420 0 20.209000 589 0 20.233000 353 0 20.208000 664 0 20.209000 497 0 20.183001 561 0 20.184999 481 1052 20.222000 513 1028 20.216000 379 1104 20.209999 526 0 20.214001 480 0 20.233999 538 0 20.207001 521 0 20.230000 515 0 20.236000 
148 0 20.216999 870 0 20.222000 290 0 20.171000 674 0 20.204000 420 0 20.219000 589 0 20.230000 353 0 20.204000 664 0 20.240999 497 0 20.232000 561 0 20.215000 448 1072 20.222000 512 0 20.200001 304 1124 20.256001 526 0 20.195000 479 0 20.224001 538 0 20.209999 521 0 20.222000 515 0 20.242001 
146 0 20.204000 870 0 20.233000 290 0 20.254999 674 0 20.195999 420 0 20.218000 589 0 20.202999 353 0 20.202000 663 0 20.240999 497 0 20.205999 561 0 20.207001 419 1064 20.257000 512 0 20.223999 235 1112 20.207001 526 0 20.207001 475 1028 20.229000 538 0 20.207001 520 0 20.221001 515 0 20.226000 
146 0 20.198000 870 0 20.177000 290 0 20.223000 674 0 20.214001 420 0 20.261000 589 0 20.254999 355 0 20.209999 663 0 20.233999 498 0 20.216000 561 0 20.212000 401 1048 20.215000 512 0 20.232000 172 1104 20.209000 525 0 20.232000 466 1040 20.230000 538 0 20.207001 517 1032 20.208000 515 0 20.200001 
146 0 20.219999 870 0 20.194000 290 0 20.201000 674 0 20.198000 420 0 20.212000 589 0 20.184999 356 0 20.218000 663 0 20.201000 498 0 20.171000 561 0 20.179001 391 1036 20.216000 512 0 20.180000 120 1080 20.167999 526 0 20.208000 458 1032 20.254000 538 0 20.183001 516 0 20.219000 515 0 20.184000 
147 4 20.167999 871 0 20.198000 290 0 20.174000 674 0 20.205000 420 0 20.190001 589 0 20.194000 361 8 20.159973 664 4 20.209000 501 4 20.181000 561 0 20.190001 383 1032 20.202000 512 0 20.209000 110 1032 20.205000 526 0 20.195000 458 0 20.193001 538 0 20.229000 516 0 20.215000 515 0 20.207001 
148 0 20.177999 872 0 20.200001 290 0 20.205999 674 0 20.202999 420 0 20.209999 589 0 20.174999 362 4 20.177000 663 1028 20.202000 502 0 20.219999 561 0 20.221001 378 1032 20.187000 512 0 20.194000 110 0 20.208000 526 0 20.254999 457 1028 20.205999 538 0 20.188999 516 0 20.198000 515 0 20.209000 
150 0 20.204000 872 0 20.181999 290 0 20.177000 674 0 20.188999 420 0 20.188000 589 0 20.194000 362 4 20.170000 663 0 20.186001 502 0 20.180000 561 0 20.188999 375 1028 20.223000 512 0 20.202000 110 0 20.159000 526 0 20.197001 456 0 20.209999 538 0 20.201000 516 0 20.221001 515 0 20.172001 
148 0 20.191000 872 0 20.193001 290 0 20.215027 674 0 20.243000 420 0 20.165001 589 0 20.233000 361 0 20.211000 663 0 20.216000 502 0 20.225000 561 0 20.176001 364 1040 20.204000 512 0 20.204000 106 1028 20.202000 526 0 20.209000 455 0 20.169001 538 0 20.239000 516 0 20.205999 515 0 20.207001 
153 4 20.202999 875 0 20.200001 290 0 20.197001 674 0 20.195999 420 0 20.209000 589 0 20.191999 361 0 20.180000 662 0 20.204000 501 1028 20.231001 561 0 20.202999 355 1032 20.191999 512 0 20.180000 102 1032 20.191999 526 0 20.207001 455 0 20.209000 538 0 20.209999 517 0 20.184000 515 0 20.191999 
154 8 20.249001 876 0 20.214001 291 0 20.197001 674 0 20.191000 420 0 20.198000 590 0 20.204000 361 4 20.207001 663 4 20.195000 500 0 20.176001 561 0 20.191000 359 0 20.218000 512 0 20.198000 103 0 20.187000 526 0 20.190001 455 0 20.191999 538 0 20.197998 517 0 20.273001 515 0 20.224001 
153 0 20.190001 876 0 20.233999 291 0 20.205999 674 0 20.204000 421 0 20.180000 589 0 20.198000 360 1028 20.191999 661 1032 20.195000 500 0 20.236000 563 8 20.162001 360 0 20.195999 512 0 20.195000 103 0 20.204000 526 0 20.218000 456 1028 20.198999 538 0 20.246000 517 0 20.207001 513 0 20.254000 
152 0 20.202999 875 0 20.183001 291 0 20.191999 674 0 20.204000 420 0 20.215000 589 0 20.215000 361 0 20.179001 662 0 20.198000 500 4 20.209999 563 0 20.205999 360 0 20.218000 512 0 20.181999 102 0 20.194000 526 0 20.215000 456 0 20.209000 538 0 20.188999 517 1028 20.240000 513 4 20.191000 
152 0 20.202999 875 1028 20.212999 291 0 20.187000 674 4 20.177999 420 0 20.188000 589 0 20.218000 361 0 20.205000 662 0 20.191999 499 0 20.180000 563 0 20.191000 360 0 20.205999 512 0 20.210999 102 0 20.184999 529 0 20.184999 456 0 20.201000 538 0 20.202000 516 0 20.216000 515 4 20.218000 
152 0 20.177999 873 0 20.198999 291 0 20.204000 674 0 20.226999 420 0 20.197001 589 0 20.181000 361 0 20.191999 661 1028 20.205999 500 0 20.209000 563 0 20.163000 361 0 20.177000 522 20 20.169001 103 4 20.184000 561 52 20.215000 456 0 20.209000 538 0 20.177999 517 4 20.202000 514 0 20.202999 
152 0 20.204000 872 0 20.221001 291 0 20.186001 674 0 20.191000 420 0 20.233000 589 0 20.228001 361 0 20.202999 658 1032 20.197001 500 0 20.195999 563 0 20.198999 362 4 20.212000 549 36 20.214001 103 0 20.174000 621 92 20.204000 456 0 20.201000 538 0 20.205999 516 1028 20.214001 515 4 20.194000 
151 0 20.218000 873 0 20.211000 291 0 20.247999 675 0 20.207001 420 0 20.198000 589 0 20.200001 359 1028 20.203003 652 1032 20.235001 500 0 20.176001 563 0 20.195000 364 0 20.197001 588 56 20.200001 103 0 20.219999 719 136 20.205999 456 0 20.194000 547 12 20.200001 516 0 20.235001 517 4 20.230000 
151 0 20.179001 876 0 20.247999 291 0 20.198999 675 0 20.202999 420 0 20.216000 589 0 20.184000 359 0 20.191999 652 0 20.198999 500 0 20.218000 561 0 20.205000 365 0 20.188999 636 64 20.198999 103 0 20.202999 840 156 20.215000 456 0 20.205000 558 16 20.174000 517 1028 20.195000 513 1032 20.202000 
151 0 20.202999 876 0 20.233999 291 0 20.212000 675 0 20.191000 420 0 20.216999 589 0 20.200001 360 0 20.180000 652 0 20.174999 500 0 20.186001 558 0 20.163000 365 0 20.212000 659 28 20.209000 103 0 20.179001 915 92 20.198999 455 0 20.198999 555 1028 20.197001 516 0 20.225000 513 1028 20.177999 
152 0 20.207001 876 0 20.202999 290 0 20.197998 675 0 20.204000 420 0 20.193001 589 0 20.202999 362 4 20.167000 658 8 20.226999 500 0 20.224001 561 0 20.215000 365 0 20.205999 662 4 20.211000 102 0 20.205999 922 4 20.197001 455 0 20.209999 549 1032 20.204000 516 0 20.202000 514 0 20.216999 
152 0 20.208000 875 0 20.222000 290 0 20.233000 675 0 20.249001 420 0 20.219000 589 0 20.224001 363 0 20.195999 658 0 20.219000 500 0 20.219999 557 1028 20.187000 365 0 20.214001 661 1032 20.209000 102 0 20.205000 926 4 20.202999 455 0 20.198000 567 24 20.214001 516 0 20.218000 513 0 20.233999 
152 0 20.212999 875 0 20.238001 290 0 20.231001 675 0 20.201000 420 0 20.240000 589 0 20.191999 363 0 20.205999 658 0 20.240999 499 1028 20.215000 553 1028 20.184000 365 0 20.212000 661 0 20.219999 102 0 20.198999 926 0 20.215000 453 1032 20.208000 568 0 20.187012 519 4 20.212000 513 0 20.216999 
151 0 20.209999 876 4 20.194000 290 0 20.194000 675 0 20.205000 420 0 20.219000 589 0 20.216999 361 1028 20.216999 658 0 20.216000 499 0 20.195999 553 0 20.240999 368 4 20.216000 661 0 20.236000 103 4 20.219000 926 0 20.233000 442 1040 20.212000 568 1028 20.205999 517 1028 20.216999 513 0 20.209999 
152 4 20.204000 877 4 20.201000 290 0 20.211000 675 0 20.209999 420 0 20.221001 589 0 20.212999 362 0 20.204000 658 0 20.242001 499 0 20.232000 553 0 20.205000 368 0 20.226000 661 0 20.204000 103 0 20.183001 926 0 20.216999 439 0 20.215000 568 4 20.202000 519 0 20.208000 513 0 20.212000 
151 1028 20.207001 877 0 20.198000 290 0 20.233999 675 1028 20.190001 420 0 20.193001 589 0 20.152000 362 0 20.268999 658 0 20.198000 499 0 20.187000 553 0 20.177999 368 0 20.204000 661 0 20.192993 103 0 20.201000 926 0 20.209999 439 0 20.207001 568 0 20.195999 519 0 20.215000 513 0 20.216999 
151 0 20.212000 877 0 20.202999 290 0 20.188000 675 0 20.216000 420 0 20.205000 589 0 20.177000 362 0 20.160999 658 0 20.261000 499 0 20.264000 553 0 20.205000 368 0 20.191999 661 0 20.194000 103 0 20.164000 926 0 20.215000 439 0 20.215000 568 0 20.173000 519 0 20.200001 513 0 20.214001 
151 1028 20.208000 877 0 20.216999 290 0 20.212000 675 0 20.207001 420 0 20.195000 589 0 20.201000 362 0 20.202999 658 0 20.216000 499 0 20.211000 553 0 20.165001 368 0 20.208000 661 0 20.198000 103 0 20.167000 926 0 20.194000 439 0 20.202000 568 0 20.205000 519 0 20.194000 513 0 20.205000 
151 0 20.164000 877 0 20.205999 290 0 20.205999 675 0 20.164000 420 0 20.202000 589 0 20.250000 361 1028 20.161011 658 0 20.228001 499 0 20.235001 553 0 20.191000 368 0 20.230000 661 0 20.205000 103 0 20.214001 926 0 20.225000 439 0 20.212999 568 0 20.166000 519 0 20.201000 513 4 20.232000 
152 0 20.187000 877 0 20.173000 290 0 20.231001 675 0 20.167000 420 0 20.181000 590 0 20.174999 361 0 20.156000 658 0 20.180000 499 0 20.219000 553 0 20.183001 366 0 20.169001 661 0 20.181000 103 0 20.212999 926 0 20.214001 439 0 20.171000 568 0 20.181000 519 0 20.215000 513 0 20.221001 
152 0 20.212000 877 0 20.194000 291 4 20.183001 675 0 20.191000 420 0 20.194000 589 0 20.202999 362 4 20.164000 658 0 20.270000 499 0 20.221001 553 0 20.177000 362 1028 20.215000 664 4 20.254999 102 0 20.202000 927 4 20.181000 440 0 20.184999 566 1028 20.198000 517 1028 20.222000 513 0 20.219999 
152 0 20.162001 871 1032 20.200001 291 0 20.195984 675 0 20.202000 419 0 20.218000 589 0 20.186001 362 0 20.233999 659 0 20.191999 499 0 20.184999 553 0 20.165001 356 1036 20.264999 668 4 20.191000 98 1028 20.191999 927 0 20.240999 440 0 20.216000 565 0 20.194000 517 0 20.204000 513 0 20.214001 
151 0 20.163000 868 1028 20.243999 291 0 20.204000 674 0 20.194000 414 1036 20.198000 589 0 20.207001 362 0 20.207001 660 0 20.186001 499 0 20.195000 551 1028 20.184999 338 1056 20.216000 689 32 20.211000 90 1040 20.180000 931 8 20.222000 441 4 20.216000 568 0 20.212999 516 0 20.247999 513 0 20.195999 
151 0 20.191000 860 1036 20.181000 295 4 20.184000 674 0 20.184000 406 1036 20.212000 589 0 20.177000 362 0 20.156000 662 0 20.219999 499 0 20.221001 551 0 20.167999 311 1064 20.170000 717 48 20.215000 82 1032 20.233999 937 0 20.219000 446 8 20.202999 566 1028 20.164978 513 1028 20.171000 514 4 20.180000 
152 4 20.207001 855 0 20.209999 301 8 20.169001 674 0 20.155001 402 1032 20.212000 589 0 20.212000 362 0 20.208000 662 0 20.215000 499 0 20.195000 551 4 20.205999 281 1064 20.271000 745 32 20.200001 79 1028 20.149000 937 0 20.181000 449 0 20.195000 565 1028 20.209999 513 0 20.208000 517 0 20.166000 
156 0 20.183001 853 0 20.195999 303 4 20.225000 674 0 20.205999 400 1028 20.205000 589 0 20.225000 363 0 20.167000 662 0 20.174999 499 0 20.218000 552 0 20.260000 259 1044 20.214001 768 28 20.188000 77 1028 20.180000 939 4 20.201000 451 12 20.212000 565 1032 20.166000 510 1032 20.170000 517 0 20.173000 
152 1036 20.190001 848 1032 20.225000 316 16 20.179001 674 0 20.173000 382 1048 20.171000 589 0 20.212000 363 0 20.209000 662 0 20.225000 499 0 20.240000 552 0 20.207001 241 1044 20.261999 790 20 20.273987 77 0 20.207001 937 1028 20.231001 458 4 20.226999 566 4 20.214001 506 1028 20.231001 517 0 20.235001 
129 1056 20.170000 842 1032 20.209999 343 32 20.170000 674 0 20.177000 359 1052 20.216999 589 0 20.216999 363 0 20.211000 662 0 20.191000 499 0 20.242001 552 0 20.204000 223 1048 20.232000 815 36 20.212999 77 0 20.202000 940 4 20.208000 468 16 20.257999 564 1028 20.250999 502 1028 20.236000 517 0 20.254000 
94 1076 20.226999 840 1028 20.212000 362 16 20.228001 674 0 20.209000 343 1044 20.233000 589 0 20.200001 363 0 20.194000 661 1028 20.165001 500 0 20.215000 552 0 20.226000 193 1072 20.219999 839 32 20.231001 73 1032 20.209999 943 4 20.238001 470 12 20.205000 562 1028 20.180000 502 0 20.243999 518 0 20.260000 
94 0 20.207001 843 8 20.231001 366 4 20.207001 674 0 20.194000 345 0 20.222000 589 0 20.233999 363 0 20.206970 659 1028 20.216999 499 1028 20.238001 552 0 20.204000 154 1088 20.231001 872 52 20.230000 64 1040 20.200001 951 8 20.238001 467 0 20.261999 561 0 20.226000 502 0 20.205000 525 12 20.238001 
95 4 20.169001 846 4 20.212000 366 0 20.208000 674 0 20.202999 347 4 20.195000 589 0 20.181000 362 4 20.162001 656 1028 20.211000 499 0 20.197001 552 0 20.208000 128 1044 20.216999 900 32 20.195000 61 0 20.190001 957 12 20.223000 472 12 20.233999 562 0 20.204000 502 0 20.205000 528 0 20.194000 
94 0 20.209999 842 1032 20.236000 363 1028 20.209000 675 4 20.177999 352 0 20.205999 589 0 20.200001 363 4 20.174000 654 1028 20.202000 499 0 20.197001 552 0 20.184999 94 1072 20.187000 928 36 20.201000 53 1036 20.205999 962 8 20.216000 461 1032 20.181999 562 0 20.163000 503 4 20.198999 535 12 20.198000 
94 0 20.211000 905 116 20.197001 359 1032 20.184998 677 0 20.167999 354 4 20.232000 592 4 20.215000 372 16 20.165001 655 4 20.240000 495 1032 20.181999 550 1028 20.163000 55 1080 20.219999 964 48 20.216000 42 1040 20.202999 964 4 20.209999 458 1032 20.211000 565 4 20.169001 502 1028 20.230000 540 8 20.198999 
95 0 20.198999 978 48 20.214001 350 1028 20.231001 714 56 20.162001 354 0 20.202000 600 12 20.211000 378 0 20.204000 656 0 20.238001 495 0 20.186001 552 4 20.191000 52 0 20.216000 967 4 20.209999 42 0 20.204000 965 0 20.177999 458 0 20.187000 566 0 20.243000 502 0 20.232000 543 4 20.225000 
94 1028 20.176001 979 0 20.201000 345 1028 20.202999 721 0 20.211000 354 0 20.200001 600 0 20.176001 378 0 20.205999 655 0 20.200001 495 0 20.209000 552 0 20.193001 50 0 20.186001 968 0 20.156000 42 0 20.163000 965 0 20.218000 458 0 20.209999 566 1028 20.197021 502 0 20.219999 543 0 20.223000 
92 1028 20.202999 977 1028 20.205999 345 0 20.223000 721 0 20.174000 352 1028 20.266001 600 0 20.233999 376 1028 20.171000 654 0 20.215000 495 0 20.221001 552 0 20.164000 55 4 20.222000 965 0 20.191000 42 0 20.180000 965 0 20.194000 458 0 20.195999 565 0 20.166000 502 0 20.247000 542 1028 20.195000 
92 0 20.207001 977 0 20.198999 345 0 20.200001 721 0 20.200001 352 0 20.184000 600 0 20.201000 376 0 20.169001 654 0 20.218000 495 0 20.226000 552 0 20.190001 55 0 20.224001 965 0 20.211000 42 0 20.166000 965 0 20.205000 458 0 20.193001 565 0 20.205999 502 0 20.246000 542 0 20.165001 
92 0 20.181999 977 0 20.226999 345 0 20.219000 721 0 20.171000 352 0 20.197001 600 0 20.166000 376 0 20.163000 654 0 20.198999 495 0 20.240999 552 0 20.167999 55 0 20.169001 965 0 20.190979 42 0 20.173000 966 0 20.195999 458 0 20.186001 565 0 20.188000 502 0 20.231001 542 0 20.184999 
92 0 20.204000 975 1032 20.188000 345 0 20.188000 721 0 20.204000 352 0 20.211000 600 0 20.202000 376 0 20.167000 654 0 20.193001 495 0 20.174999 552 0 20.167000 56 0 20.194000 968 0 20.194000 42 0 20.167999 968 0 20.215000 458 0 20.181000 565 0 20.162001 502 0 20.247999 542 0 20.238001 
92 0 20.164000 975 0 20.193001 348 4 20.257000 721 0 20.202000 352 0 20.267000 599 1028 20.208000 374 1028 20.212999 652 1028 20.191999 495 0 20.212000 552 0 20.211000 56 0 20.216999 970 0 20.215000 42 0 20.204000 969 0 20.233000 459 0 20.264999 565 0 20.208000 502 0 20.194000 542 0 20.239000 
93 0 20.228001 974 1028 20.200001 345 1028 20.257000 722 0 20.207001 352 0 20.209999 599 0 20.205000 376 0 20.219971 652 4 20.207001 495 0 20.212999 553 0 20.209000 55 1028 20.225000 971 0 20.230000 42 0 20.209999 968 1028 20.216000 460 0 20.172001 565 0 20.159000 502 0 20.202000 544 4 20.226000 