327 0 14.360000 688 0 14.377000 277 0 14.271000 724 0 14.367000 410 0 14.216000 610 0 14.296000 362 0 14.229000 678 0 14.284000 492 0 14.260000 531 0 14.253000 383 0 14.230000 641 0 14.224000 277 0 14.233000 740 0 14.287000 640 0 14.243000 377 0 14.231000 491 0 14.273000 530 0 14.237000 
327 0 64.395020 689 0 14.260000 277 0 14.217000 724 0 14.259000 410 0 14.270000 610 0 14.217000 362 0 14.272000 678 0 14.220000 492 1028 14.212000 531 0 14.221000 383 0 14.325000 641 0 14.230000 277 0 14.292000 740 0 14.253000 640 0 14.325000 377 0 14.230000 491 0 14.307000 530 0 14.275000 
331 4 64.494003 680 1044 14.371000 276 1028 14.272000 723 1028 14.242000 410 0 14.204000 610 1028 14.254000 362 0 14.280000 679 4 14.196000 492 0 14.266000 531 0 14.238000 383 0 14.332000 641 0 14.254000 277 0 14.353000 740 0 14.275000 640 0 14.364000 377 0 14.271000 491 0 14.336000 530 0 14.286000 
349 40 64.485001 659 1064 14.301000 276 0 14.260000 722 1028 14.275000 410 0 14.271000 610 0 14.273000 361 1028 14.300000 679 0 14.287000 492 0 14.296000 531 0 14.249000 384 0 14.249000 638 1028 14.335000 277 0 14.299000 739 1028 14.247000 640 0 14.207000 377 0 14.230000 491 0 14.264000 530 0 14.222000 
402 84 64.397003 609 1108 14.290000 278 8 14.241028 713 1036 14.272000 410 0 14.326000 610 0 14.291000 361 0 14.325000 679 0 14.325000 492 0 14.327000 530 1028 14.273000 384 0 14.251000 638 0 14.255000 277 0 14.356000 739 0 14.258000 640 0 14.331000 377 0 14.239000 491 0 14.259000 530 0 14.206000 
462 100 64.429001 557 1108 14.285000 279 0 14.234000 694 1056 14.297000 410 0 14.278000 607 1028 14.229000 361 0 14.235000 679 0 14.253000 492 0 14.281000 530 0 14.276000 384 0 14.214000 638 0 14.214000 277 0 14.348000 739 0 14.258000 640 0 14.289000 377 0 14.250000 491 0 14.298000 530 0 14.203000 
504 56 64.348999 516 1084 14.249000 288 16 14.242000 663 1072 14.229000 411 0 14.241000 601 1036 14.237000 361 0 14.279000 678 0 14.249000 491 4 14.323000 530 0 14.290000 384 0 14.362000 638 0 14.247000 277 0 14.321000 739 0 14.284000 640 0 14.289000 377 0 14.288000 491 0 14.366000 530 0 14.252000 
514 8 64.364998 502 1044 14.326000 275 1044 14.235000 651 1040 14.217000 402 1028 14.233000 600 0 14.242000 361 0 14.287000 679 0 14.228000 491 0 14.224976 530 0 14.256000 384 0 14.249000 639 4 14.189000 277 0 14.223000 740 0 14.225000 640 0 14.328000 377 0 14.210000 491 0 14.235000 530 0 14.251000 
515 0 64.447998 501 0 14.257000 220 1108 14.258000 635 1056 14.332000 373 1072 14.211000 595 1036 14.226000 361 0 14.251000 679 0 14.285000 491 0 14.232000 530 0 14.272000 385 0 14.380000 641 0 14.240000 277 0 14.326000 740 0 14.329000 640 0 14.299000 377 0 14.268000 491 0 14.273000 530 0 14.306000 
515 0 64.406998 500 1028 14.343000 153 1124 14.332000 608 1064 14.338000 343 1064 14.290000 587 1040 14.337000 361 0 14.270000 680 0 14.321000 491 0 14.256000 530 0 14.230000 385 4 14.323000 641 0 14.233000 276 0 14.274000 740 0 14.257000 640 0 14.353000 377 0 14.270000 491 0 14.282000 530 0 14.333000 
511 1032 64.571999 493 1040 14.356000 130 1048 14.327000 584 1060 14.356000 306 1076 14.279000 580 1032 14.272000 362 0 14.238000 683 4 14.238000 491 0 14.252000 530 0 14.213000 386 0 14.299000 641 0 14.274000 279 0 14.313000 740 0 14.297974 640 0 14.431000 377 0 14.467000 491 0 14.351000 530 0 14.255000 
508 1028 64.450996 488 1032 14.316000 124 1036 14.358000 569 1044 14.342000 257 1104 14.288000 576 0 14.292000 362 0 14.300000 685 0 14.316000 492 4 14.253000 530 0 14.237000 386 0 14.333000 639 1028 14.235000 279 0 14.324000 739 1028 14.377000 640 0 14.329000 377 0 14.308000 491 0 14.336000 530 0 14.332000 
504 1032 64.462997 488 0 14.311000 124 0 14.261000 569 0 14.278000 217 1088 14.360000 576 0 14.293000 361 0 14.353000 685 0 14.311000 492 0 14.350000 530 0 14.262000 386 0 14.388000 638 0 14.270000 279 0 14.340000 739 0 14.262000 639 0 14.353000 377 0 14.227000 491 0 14.239000 530 0 14.313000 
502 1028 64.541000 488 0 14.401000 129 8 14.287000 570 0 14.303000 222 4 14.256000 582 8 14.248000 361 0 14.297000 684 1028 14.200000 491 0 14.277000 530 0 14.208000 384 1028 14.283000 636 1028 14.227000 279 0 14.311000 738 0 14.213000 639 0 14.310000 377 0 14.256000 491 0 14.274000 530 0 14.286000 
501 1028 64.385986 485 1028 14.280000 163 68 14.262000 597 56 14.201000 257 64 14.307000 613 64 14.306000 361 0 14.270000 684 0 14.267000 491 0 14.298000 530 0 14.260000 383 0 14.337000 635 0 14.275000 279 0 14.325000 738 0 14.260000 639 0 14.327000 377 0 14.235000 491 0 14.308000 530 0 14.220000 
500 0 64.380997 483 0 14.285000 221 96 14.278000 647 80 14.236000 308 76 14.247000 666 76 14.232000 361 0 14.291000 684 0 14.220000 491 0 14.264000 530 0 14.229000 383 0 14.285000 635 0 14.243000 279 0 14.302000 738 0 14.230000 639 0 14.324000 377 1028 14.226000 491 0 14.328000 530 0 14.271000 
507 12 64.440002 479 1028 14.326000 282 96 14.265000 703 80 14.296000 351 60 14.251000 716 72 14.258000 361 0 14.234000 684 0 14.235000 491 0 14.246000 530 0 14.277000 382 1028 14.311000 634 1028 14.226000 279 0 14.306000 738 0 14.214000 639 0 14.321000 376 0 14.237000 491 0 14.284000 530 0 14.310000 
509 4 64.490997 478 1028 14.363000 338 80 14.273000 768 100 14.280029 392 52 14.215000 758 64 14.200000 361 0 14.182000 684 0 14.261000 491 0 14.294000 530 0 14.249000 382 0 14.313000 634 0 14.200000 279 0 14.222000 738 0 14.231000 639 0 14.270000 376 0 14.228000 491 0 14.299000 530 0 14.254000 
509 0 64.431999 478 0 14.282000 390 80 14.243000 827 88 14.247000 425 52 14.243000 782 32 14.253000 361 0 14.290000 683 1028 14.258000 491 0 14.258000 530 0 14.239000 382 0 14.419000 634 0 14.259000 279 0 14.330000 738 0 14.285000 639 0 14.343000 376 0 14.288000 491 0 14.287000 530 0 14.307000 
508 0 64.448997 481 0 14.284000 434 72 14.221000 875 84 14.276000 452 48 14.296000 798 28 14.279000 361 0 14.289000 684 0 14.268000 491 0 14.214000 530 0 14.243000 382 0 14.305000 633 1028 14.260000 279 0 14.255000 738 0 14.221000 639 0 14.326000 376 0 14.246000 491 0 14.259000 530 0 14.228000 
507 0 64.402000 486 12 14.323000 466 56 14.283000 883 4 14.278000 468 28 14.237000 814 24 14.273000 361 0 14.261000 684 0 14.267000 491 0 14.296997 530 0 14.218000 381 0 14.337000 631 1028 14.248000 279 0 14.309000 738 0 14.219000 638 1028 14.329000 374 1028 14.344000 491 0 14.380000 530 0 14.295000 
506 0 64.429001 489 0 14.314000 512 72 14.272000 884 0 14.206000 482 24 14.301000 821 8 14.282000 361 0 14.277000 684 0 14.318000 491 0 14.324000 530 0 14.204000 381 0 14.261000 631 0 14.230000 279 0 14.344000 738 0 14.271000 639 4 14.344000 374 0 14.261000 491 0 14.361000 530 0 14.275000 
507 0 64.531998 489 0 14.337000 529 24 14.315000 884 0 14.277000 485 8 14.308000 828 12 14.223000 361 0 14.287000 684 0 14.277000 491 0 14.283000 530 0 14.212000 382 0 14.235000 632 0 14.232000 279 0 14.301000 738 0 14.228000 639 0 14.291000 374 0 14.300000 492 4 14.270000 530 0 14.257000 
507 0 64.456001 484 1028 14.242000 521 1044 14.285000 876 1040 14.271000 478 1036 14.268000 808 1056 14.283000 361 0 14.365000 687 4 14.298000 492 0 14.326000 530 0 14.270000 384 4 14.342000 632 0 14.268000 279 0 14.320000 738 0 14.269000 639 0 14.359009 374 0 14.293000 492 0 14.248000 530 0 14.330000 
508 4 64.427002 482 0 14.344000 480 1096 14.239000 836 1096 14.325000 443 1084 14.300000 757 1108 14.224000 361 0 14.253000 693 8 14.312000 492 4 14.349000 530 0 14.294000 384 0 14.331000 632 0 14.266000 279 0 14.328000 738 0 14.242000 639 0 14.257000 374 0 14.237000 492 0 14.326000 530 0 14.236000 
510 0 64.557999 482 0 14.293000 423 1112 14.277000 772 1120 14.332000 401 1092 14.344000 716 1084 14.301000 361 1028 14.365000 697 8 14.289000 491 0 14.363000 530 0 14.308000 385 4 14.372000 631 0 14.287000 279 0 14.345000 738 0 14.272000 639 0 14.303000 374 0 14.272000 492 0 14.261000 530 0 14.312000 
510 1028 64.559998 483 0 14.307000 349 1136 14.272000 699 1140 14.278000 359 1080 14.309000 675 1088 14.332000 361 0 14.268000 701 4 14.283000 491 0 14.351000 530 0 14.254000 384 0 14.314000 631 0 14.276000 279 0 14.283000 738 0 14.289000 639 0 14.314000 374 0 14.271000 492 0 14.321000 530 0 14.277000 
504 1028 64.372009 482 0 14.305000 255 1176 14.270000 624 1140 14.309000 310 1096 14.231000 636 1084 14.329000 361 0 14.317000 702 4 14.222000 491 0 14.247000 530 0 14.292000 383 1028 14.414000 632 0 14.300000 279 0 14.347000 738 0 14.271000 639 0 14.366000 374 0 14.267000 491 1028 14.333000 530 0 14.271000 
498 1036 64.459000 482 0 14.307000 167 1160 14.289000 565 1096 14.286000 276 1072 14.279000 605 1064 14.219000 361 0 14.260000 701 1028 14.276000 491 0 14.369000 530 4 14.277000 383 0 14.375000 631 0 14.299000 279 0 14.282000 737 0 14.274000 639 0 14.327000 374 0 14.282000 491 0 14.353000 530 0 14.284000 
489 1044 64.448997 476 1032 14.394000 125 1052 14.284000 533 1068 14.319000 244 1080 14.326000 587 1052 14.312000 361 0 14.362000 701 0 14.297000 491 0 14.364000 530 0 14.267000 384 0 14.386000 631 0 14.287000 279 0 14.412000 735 0 14.278000 639 0 14.306000 374 0 14.326000 491 0 14.236000 530 0 14.336000 
481 1032 64.491997 474 0 14.273000 122 0 14.284000 521 1044 14.330994 217 1068 14.285000 583 1028 14.303000 361 0 14.284000 701 0 14.248000 490 0 14.288000 530 0 14.240000 383 1028 14.375000 631 0 14.231000 279 0 14.293000 732 1028 14.287000 639 0 14.226000 374 0 14.224000 491 0 14.298000 530 0 14.319000 
477 1032 64.303001 477 8 14.242000 125 4 14.284000 523 4 14.233000 217 0 14.263000 585 4 14.252000 361 0 14.280000 700 0 14.296000 490 0 14.192000 530 0 14.238000 383 0 14.300000 631 0 14.222000 279 0 14.280000 729 1032 14.221000 639 0 14.323000 374 0 14.232000 491 0 14.288000 530 0 14.283000 
477 8 64.432999 474 1028 14.306000 126 4 14.252000 536 24 14.315000 220 4 14.279000 600 28 14.267000 361 0 14.345000 700 0 14.288000 490 0 14.363000 530 0 14.249000 383 0 14.374000 631 0 14.301000 279 0 14.307000 729 0 14.227000 639 0 14.242000 374 0 14.218000 492 4 14.295000 530 0 14.339000 
484 16 64.474998 473 1028 14.325000 153 48 14.332000 559 36 14.321000 239 32 14.261000 631 44 14.242000 361 0 14.260000 700 0 14.288000 490 0 14.206970 530 0 14.208000 383 0 14.270000 631 0 14.205000 279 0 14.300000 729 0 14.183000 639 0 14.280000 374 0 14.231000 492 0 14.282000 530 0 14.303000 
491 12 64.406998 473 0 14.322000 190 60 14.278000 601 68 14.273000 259 28 14.319000 674 68 14.304000 361 0 14.285000 699 1028 14.226000 490 0 14.307000 530 0 14.228000 383 0 14.264000 631 0 14.213000 279 0 14.252000 729 0 14.247000 639 0 14.228000 374 0 14.216000 492 0 14.297000 530 0 14.236000 
489 1032 64.358002 478 12 14.220000 218 40 14.281000 653 80 14.290000 272 20 14.262000 721 76 14.287000 361 0 14.277000 699 0 14.231000 490 0 14.264000 530 0 14.271000 383 0 14.290000 631 0 14.203000 279 0 14.245000 729 0 14.215000 639 0 14.261000 374 0 14.234000 492 0 14.316000 530 0 14.269000 
489 0 64.508003 489 16 14.297000 223 0 14.282000 709 84 14.353000 265 1036 14.341000 762 64 14.335000 361 0 14.238000 699 0 14.208000 490 0 14.264000 530 0 14.242000 382 1028 14.321000 631 0 14.203000 279 0 14.261000 729 0 14.253000 639 0 14.302979 374 0 14.259000 492 0 14.243000 530 0 14.360000 
488 0 64.440002 510 36 14.325000 222 1028 14.256000 751 56 14.310000 249 1056 14.301000 792 36 14.219000 361 0 14.286000 699 0 14.213000 491 4 14.307000 530 0 14.303000 381 0 14.347000 631 0 14.272000 279 0 14.335000 729 0 14.281000 638 0 14.346000 374 0 14.256000 492 0 14.318000 530 0 14.286000 
487 0 64.525002 528 28 14.351000 217 1032 14.263000 770 32 14.249000 214 1080 14.303000 807 20 14.256000 361 0 14.260000 699 0 14.230000 491 0 14.275000 530 0 14.271000 382 0 14.295000 630 0 14.216000 279 0 14.282000 729 0 14.279000 638 0 14.306000 374 0 14.260000 492 0 14.284000 530 0 14.325000 
480 1036 64.487999 542 24 14.266000 218 8 14.251000 780 12 14.293000 187 1072 14.302000 816 12 14.318000 361 0 14.287000 699 0 14.279000 491 0 14.270000 530 0 14.257000 381 0 14.322000 630 0 14.256000 279 0 14.382000 729 0 14.234000 638 0 14.276000 374 0 14.230000 492 0 14.271000 530 0 14.229000 
478 0 64.434021 544 4 14.327000 224 8 14.298000 786 8 14.330000 186 0 14.254000 818 4 14.303000 361 0 14.287000 699 0 14.277000 491 0 14.280000 530 0 14.253000 382 0 14.364000 630 0 14.269000 279 0 14.320000 729 0 14.321000 638 0 14.299000 374 0 14.288000 492 0 14.387000 530 1032 14.310000 
479 4 64.492996 540 1036 14.383000 229 4 14.259000 788 0 14.281000 186 0 14.327000 816 1028 14.252000 361 0 14.279000 699 0 14.279000 491 0 14.229000 530 0 14.218000 383 8 14.284000 630 0 14.286000 279 0 14.212000 729 0 14.219000 638 0 14.325000 374 0 14.230000 492 0 14.297000 530 0 14.249000 
501 40 64.550003 525 1052 14.311000 233 8 14.267000 787 0 14.322000 186 0 14.276000 817 0 14.272000 361 0 14.245000 699 0 14.303000 491 0 14.293000 530 0 14.254000 384 0 14.366000 630 0 14.255000 279 0 14.354000 729 0 14.319000 639 0 14.285000 374 0 14.306000 492 0 14.338000 530 0 14.362000 
543 64 64.413002 485 1088 14.352000 235 4 14.296000 787 0 14.369995 186 0 14.320000 816 0 14.334000 361 0 14.279000 699 0 14.351000 491 0 14.291000 530 0 14.277000 384 0 14.326000 630 0 14.280000 279 0 14.237000 729 0 14.245000 639 0 14.236000 374 0 14.227000 492 0 14.276000 530 0 14.269000 
592 84 64.509003 447 1088 14.359000 235 0 14.373000 783 1036 14.282000 186 0 14.310000 815 1028 14.257000 361 0 14.299000 701 4 14.288000 491 0 14.243000 530 0 14.222000 384 0 14.341000 629 1028 14.248000 279 0 14.308000 729 0 14.274000 639 0 14.211000 374 0 14.235000 492 0 14.210000 530 0 14.234000 
639 76 64.327003 408 1088 14.257000 235 0 14.242000 783 0 14.263000 186 0 14.261000 816 4 14.193000 361 0 14.213000 701 0 14.227000 491 0 14.351000 530 0 14.243000 384 0 14.252000 627 4 14.226000 279 0 14.249000 729 0 14.209000 639 0 14.234000 375 0 14.214000 492 0 14.259000 530 0 14.192000 
675 56 64.428001 362 1092 14.383000 236 4 14.274000 785 0 14.294000 186 0 14.351000 816 0 14.234000 361 0 14.240000 701 0 14.217000 491 0 14.315000 530 0 14.218994 384 0 14.263000 627 0 14.245000 279 0 14.364000 729 0 14.229000 639 0 14.385000 374 0 14.310000 492 0 14.340000 530 0 14.303000 
712 56 64.475998 321 1080 14.241000 240 8 14.273000 783 4 14.303000 186 0 14.321000 816 0 14.276000 361 0 14.298000 702 0 14.284000 491 0 14.285000 530 0 14.295000 384 0 14.391000 626 0 14.222000 279 0 14.272000 729 0 14.222000 639 0 14.338000 374 0 14.207000 492 0 14.243000 530 0 14.255000 
733 28 64.407997 294 1060 14.265000 244 0 14.305000 783 0 14.299000 186 0 14.301000 816 0 14.256000 361 0 14.312000 702 0 14.305000 491 0 14.394000 530 0 14.273000 382 1028 14.387000 624 1028 14.289000 279 0 14.305000 729 0 14.254000 639 0 14.322000 374 0 14.255000 492 0 14.357000 530 0 14.304000 
730 1028 64.523003 290 1028 14.255000 244 0 14.309000 787 0 14.255000 185 0 14.300000 815 0 14.291000 361 0 14.292000 702 1028 14.320000 490 1028 14.353000 530 0 14.313000 382 0 14.334000 624 0 14.223000 279 0 14.278000 729 0 14.238000 639 0 14.322998 376 0 14.260000 492 0 14.347000 530 0 14.307000 
721 1044 64.430000 294 16 14.304000 247 8 14.220000 769 1052 14.247000 185 0 14.255000 809 1036 14.238000 361 0 14.273000 701 1028 14.216000 490 0 14.219000 530 0 14.255000 379 1028 14.332000 624 0 14.245000 279 0 14.275000 729 0 14.252000 639 0 14.300000 374 0 14.242000 491 0 14.300000 530 0 14.228000 
665 1116 64.433998 358 108 14.333000 270 40 14.347000 717 1096 14.331000 185 0 14.284000 792 1048 14.310000 361 0 14.319000 699 1028 14.322000 491 4 14.391000 531 0 14.244000 373 1036 14.291000 624 0 14.227000 277 1028 14.321000 729 0 14.238000 639 0 14.296000 374 0 14.267000 491 0 14.335000 530 0 14.319000 
533 1248 64.538002 459 168 14.387000 332 92 14.280000 630 1156 14.329000 186 4 14.346000 763 1064 14.295000 362 4 14.322000 697 0 14.259000 491 0 14.340000 533 4 14.257000 373 0 14.381000 624 0 14.264000 277 0 14.335000 729 0 14.306000 639 0 14.290000 374 0 14.293000 491 0 14.270000 530 0 14.280000 
446 1132 64.521973 515 80 14.285000 391 76 14.251000 566 1112 14.323000 198 20 14.221000 738 1060 14.210000 360 0 14.292000 697 0 14.260000 492 0 14.296000 534 4 14.216000 373 0 14.270000 624 0 14.238000 277 0 14.308000 730 4 14.224000 639 0 14.210000 374 0 14.225000 491 0 14.287000 530 0 14.276000 
410 1076 64.334000 564 72 14.239000 438 76 14.226000 539 1072 14.274000 236 56 14.337000 722 1048 14.290000 361 0 14.402000 697 4 14.263000 493 0 14.331000 534 0 14.331000 373 0 14.269000 624 0 14.310000 277 0 14.250000 730 0 14.283000 639 0 14.309000 374 0 14.260000 491 0 14.343000 530 0 14.237000 
373 1080 64.439003 601 64 14.383000 490 76 14.300000 518 1052 14.278000 295 96 14.380000 705 1048 14.294000 362 4 14.321000 699 0 14.373000 493 0 14.375000 534 0 14.250000 374 0 14.360000 624 0 14.240000 277 0 14.340000 730 0 14.277000 639 0 14.267000 374 0 14.292000 491 0 14.305000 530 0 14.297000 
335 1084 64.445000 626 36 14.304000 526 44 14.260000 496 1056 14.354000 363 100 14.299011 685 1056 14.274000 362 0 14.238000 701 0 14.275000 493 0 14.317000 534 0 14.315000 375 0 14.284000 624 0 14.227000 277 0 14.264000 729 0 14.194000 639 0 14.239000 374 0 14.213000 491 0 14.327000 530 0 14.318000 
305 1068 64.385002 649 32 14.245000 530 4 14.256000 484 1044 14.303000 405 68 14.261000 672 1048 14.254000 362 0 14.254000 701 0 14.257000 493 0 14.277000 533 1028 14.276000 375 0 14.233000 624 0 14.206000 277 0 14.280000 729 0 14.287000 639 0 14.240000 374 0 14.226000 491 0 14.381000 530 0 14.348000 
284 1060 64.407997 680 48 14.377000 529 0 14.256000 480 1028 14.269000 435 48 14.293000 658 1040 14.282000 362 0 14.348000 701 0 14.264000 493 0 14.336000 533 0 14.312000 375 0 14.333000 624 0 14.259000 277 0 14.330000 729 0 14.253000 639 0 14.318000 374 0 14.260000 491 0 14.277000 530 0 14.399000 
270 1040 64.456001 720 64 14.332000 528 0 14.278000 480 4 14.369000 457 32 14.336000 657 0 14.342000 362 0 14.268000 701 0 14.245000 492 1028 14.390000 533 0 14.242981 376 4 14.344000 624 0 14.243000 277 0 14.287000 729 0 14.284000 639 0 14.322000 374 0 14.286000 491 0 14.227000 530 0 14.189000 
268 1028 64.458000 723 1028 14.342000 525 1032 14.196000 482 4 14.292000 456 0 14.282000 658 0 14.311000 362 0 14.342000 702 0 14.294000 491 0 14.360000 531 1028 14.335000 378 0 14.284000 624 0 14.273000 277 0 14.377000 729 0 14.291000 639 0 14.351000 374 0 14.287000 491 0 14.345000 530 0 14.354000 
268 0 64.446999 719 1028 14.323000 522 1032 14.281000 483 0 14.329000 456 0 14.330000 659 0 14.269000 362 0 14.307000 702 0 14.263000 492 0 14.327000 531 0 14.241000 378 0 14.313000 624 0 14.234000 277 0 14.286000 729 0 14.238000 639 0 14.233000 374 0 14.218000 491 0 14.308000 530 0 14.298000 
275 20 64.490997 710 1040 14.365000 512 1040 14.352000 489 12 14.335000 456 0 14.341000 663 12 14.285000 361 0 14.339000 702 0 14.345000 492 0 14.354000 531 0 14.279000 381 8 14.322000 623 1028 14.220000 279 0 14.327000 729 0 14.275000 639 0 14.313000 375 0 14.250000 492 4 14.299000 531 4 14.359000 
335 100 64.550003 634 1144 14.335000 497 1052 14.291000 509 24 14.342000 444 1036 14.338000 671 8 14.304000 361 0 14.355000 704 4 14.292000 492 0 14.271000 530 0 14.228000 382 0 14.305000 618 1032 14.255000 279 0 14.226000 726 1028 14.224000 639 0 14.270000 377 4 14.233000 492 0 14.255000 533 0 14.254000 
433 152 64.403999 536 1184 14.231000 484 1052 14.267000 529 28 14.231000 420 1056 14.221000 686 24 14.261000 361 0 14.224000 705 0 14.293000 492 0 14.328000 530 0 14.263000 384 4 14.291000 613 1032 14.256000 281 4 14.409000 721 1032 14.211000 639 0 14.230000 378 4 14.241000 492 0 14.307000 533 0 14.241000 
509 124 64.389999 456 1156 14.312000 478 1032 14.233000 532 4 14.283000 401 1052 14.321000 699 20 14.292000 361 0 14.334000 707 0 14.329000 492 0 14.372000 530 0 14.284000 385 4 14.325000 611 1028 14.315000 282 4 14.299000 720 0 14.227000 639 0 14.229000 378 0 14.266000 492 0 14.292000 533 0 14.226000 
595 136 64.440979 372 1160 14.262000 477 0 14.264000 531 1028 14.266000 375 1060 14.333000 712 16 14.283000 361 0 14.276000 707 0 14.312000 492 0 14.314000 530 0 14.269000 385 0 14.372000 606 1032 14.301000 283 4 14.327000 716 1032 14.280000 639 0 14.371000 382 4 14.270000 492 0 14.312000 533 0 14.259000 
691 144 64.481003 293 1144 14.245000 460 1052 14.236000 533 4 14.249000 333 1092 14.267000 744 60 14.299000 361 0 14.232000 707 0 14.303000 491 0 14.304000 529 1028 14.257000 386 4 14.258000 605 1028 14.226000 283 0 14.293000 713 0 14.210000 639 0 14.273000 384 4 14.235000 491 4 14.251000 533 0 14.236000 
773 116 64.425003 248 1080 14.334000 434 1072 14.302000 533 0 14.255000 285 1100 14.327000 779 56 14.484000 361 0 14.282000 708 0 14.288000 490 1028 14.376000 529 0 14.254000 385 0 14.327000 605 0 14.270000 283 0 14.222000 713 4 14.285000 639 0 14.352000 384 0 14.235000 491 4 14.283000 533 0 14.218000 
818 68 64.447998 220 1068 14.287000 420 1044 14.242000 531 1032 14.262000 253 1076 14.317993 798 36 14.274000 361 0 14.282000 709 0 14.280000 490 0 14.258000 530 0 14.272000 386 0 14.279000 605 0 14.225000 283 0 14.308000 713 0 14.234000 644 16 14.249000 382 1028 14.230000 491 0 14.207000 532 1028 14.247000 
825 12 64.458000 209 1044 14.338000 423 4 14.248000 530 0 14.261000 246 1028 14.268000 798 1028 14.172000 361 0 14.289000 709 1028 14.246000 490 0 14.285000 530 0 14.236000 386 0 14.299000 605 0 14.222000 285 4 14.288000 713 0 14.210000 645 0 14.262000 382 0 14.243000 491 0 14.283000 532 0 14.247000 
826 0 64.422997 209 0 14.281000 426 0 14.255000 523 1032 14.262000 246 0 14.286000 799 0 14.213000 361 0 14.236000 709 0 14.281000 491 0 14.257000 530 0 14.193000 386 0 14.224000 606 0 14.213000 285 0 14.246000 713 0 14.228000 640 1032 14.270000 382 0 14.267000 491 0 14.356000 532 0 14.354000 
827 0 64.330002 207 0 14.215000 422 1032 14.230000 528 8 14.210000 234 1040 14.227000 821 32 14.247000 361 0 14.282000 709 0 14.229000 491 0 14.251000 530 0 14.269000 385 0 14.359985 606 0 14.311000 285 0 14.344000 713 0 14.244000 639 1028 14.287000 382 0 14.235000 491 0 14.315000 531 1028 14.272000 
833 12 64.528000 198 1036 14.363000 412 1040 14.271000 539 24 14.309000 209 1072 14.247000 859 60 14.278000 361 0 14.253000 709 0 14.296000 491 0 14.379000 530 0 14.250000 383 0 14.347000 606 0 14.253000 284 0 14.317000 712 0 14.234000 638 1028 14.214000 382 0 14.237000 491 0 14.328000 531 0 14.290000 
842 16 64.511002 185 1044 14.313000 395 1048 14.268000 559 36 14.300000 179 1068 14.307000 866 0 14.322000 361 0 14.343000 709 0 14.332000 491 0 14.349000 530 0 14.291000 382 1028 14.331000 606 0 14.252000 283 0 14.380000 712 0 14.297000 637 0 14.238000 383 0 14.224000 491 0 14.297000 531 0 14.288000 
854 20 64.398003 175 1036 14.335000 379 1052 14.268000 598 72 14.295000 165 1032 14.293000 866 0 14.244000 361 0 14.318000 709 0 14.292000 491 0 14.319000 530 0 14.272000 381 1028 14.290000 606 0 14.261000 283 0 14.408000 712 0 14.246000 635 0 14.307000 382 0 14.255005 491 0 14.309000 531 0 14.280000 
863 12 64.445999 162 1044 14.258000 363 1040 14.225000 642 64 14.285000 165 0 14.295000 866 0 14.241000 361 0 14.277000 709 0 14.292000 491 0 14.358000 530 0 14.276000 381 0 14.322000 606 0 14.321000 283 0 14.269000 712 0 14.312000 634 0 14.390000 382 0 14.297000 491 0 14.355000 531 0 14.338000 
871 12 64.452003 161 4 14.362000 353 1036 14.322000 664 28 14.334000 165 0 14.286000 866 0 14.267000 361 0 14.298000 708 1028 14.266000 491 0 14.284000 530 0 14.232000 381 0 14.255000 607 0 14.266000 283 0 14.384000 712 0 14.325000 634 0 14.371000 382 0 14.299000 491 0 14.269000 531 0 14.224000 
870 1028 64.434998 166 8 14.228000 341 1040 14.242000 683 20 14.271000 165 0 14.318000 866 0 14.266000 361 0 14.282000 708 0 14.291000 491 0 14.307000 530 0 14.319000 381 0 14.344000 607 0 14.263000 283 0 14.308000 712 0 14.275000 635 0 14.339000 382 0 14.257000 491 0 14.309000 531 0 14.215000 
864 1044 64.512024 166 1028 14.362000 329 1036 14.314000 689 8 14.327000 166 4 14.323000 866 0 14.327000 361 0 14.333000 708 0 14.268000 492 4 14.357000 534 8 14.268000 381 0 14.298000 609 8 14.220000 285 4 14.324000 712 0 14.243000 635 4 14.311000 382 0 14.209000 491 0 14.314000 531 0 14.259000 
820 1112 64.456001 161 1036 14.190000 329 0 14.230000 691 4 14.301000 178 16 14.256000 866 0 14.336000 362 0 14.267000 707 0 14.260000 491 1028 14.347000 535 0 14.327000 381 4 14.355000 613 4 14.263000 285 0 14.295000 712 0 14.264000 636 0 14.301000 382 0 14.260000 491 0 14.313000 531 0 14.234000 
742 1140 64.452003 152 1036 14.318000 329 0 14.283000 691 0 14.267000 186 4 14.275000 866 0 14.218000 361 1028 14.287000 707 0 14.365000 491 0 14.302000 535 0 14.304000 381 0 14.425000 613 0 14.278000 284 1028 14.237000 712 0 14.261000 635 0 14.286000 382 0 14.243000 491 0 14.286000 532 4 14.314000 
649 1172 64.356003 153 8 14.308000 329 0 14.306000 689 0 14.249000 186 0 14.322021 865 1028 14.298000 361 0 14.260000 707 0 14.210000 491 0 14.221000 535 0 14.220000 382 0 14.276000 615 4 14.210000 284 0 14.216000 712 0 14.327000 635 0 14.394000 382 0 14.256000 491 0 14.299000 532 0 14.342000 
578 1120 64.393997 165 24 14.344000 329 0 14.294000 688 0 14.289000 186 0 14.252000 864 1028 14.294000 361 0 14.289000 707 0 14.232000 491 0 14.230000 535 0 14.270000 383 4 14.304000 614 1028 14.270000 284 0 14.276000 713 0 14.231000 635 0 14.281000 382 0 14.239000 491 0 14.253000 532 0 14.233000 
558 1052 64.523003 185 36 14.409000 328 0 14.312000 688 0 14.324000 186 0 14.296000 864 0 14.336000 361 0 14.378000 708 4 14.344000 491 0 14.307000 535 0 14.244000 384 4 14.267000 613 1028 14.212000 284 0 14.309000 712 0 14.260000 635 0 14.220000 382 0 14.302000 492 4 14.298000 532 0 14.262000 
546 1044 64.375999 186 4 14.267000 323 1032 14.244000 691 0 14.210000 183 1028 14.250000 864 0 14.214000 361 0 14.242000 708 0 14.253000 491 0 14.275000 534 1028 14.206000 384 0 14.182007 613 1028 14.224000 284 0 14.261000 712 0 14.218000 635 0 14.266000 382 0 14.215000 492 0 14.323000 532 0 14.233000 
534 1040 64.464996 196 28 14.426000 297 1072 14.299000 693 0 14.307000 166 1052 14.338000 865 0 14.264000 361 0 14.278000 709 4 14.269000 491 0 14.287000 534 0 14.208000 384 0 14.226000 612 0 14.217000 284 0 14.328000 712 0 14.204000 634 1028 14.246000 382 0 14.214000 492 0 14.300000 532 0 14.205000 
528 1032 64.348000 202 8 14.248000 261 1080 14.259000 703 12 14.235000 162 0 14.230000 865 0 14.243000 361 0 14.236000 709 0 14.217000 491 0 14.274000 534 0 14.304000 384 0 14.388000 611 0 14.265000 284 0 14.354000 712 0 14.309000 632 0 14.285000 382 0 14.266000 492 0 14.303000 532 0 14.195000 
515 1048 64.323997 199 1036 14.300000 258 32 14.281000 703 0 14.220000 173 24 14.235000 865 0 14.223000 361 0 14.292000 709 0 14.240000 491 0 14.268000 534 0 14.259000 384 0 14.369000 611 0 14.249000 284 0 14.324000 712 0 14.234000 634 0 14.284000 382 0 14.237000 491 0 14.273000 532 0 14.222000 
501 1052 64.421997 195 1028 14.353000 304 80 14.209000 703 0 14.252000 217 72 14.281000 865 0 14.237000 361 0 14.284000 709 0 14.259000 491 0 14.282000 534 0 14.281000 385 0 14.276000 611 0 14.228000 284 0 14.289000 712 0 14.216000 634 0 14.316000 382 0 14.269000 491 0 14.258000 532 0 14.290000 
498 1032 64.458000 193 1032 14.331000 336 56 14.216000 703 0 14.289000 237 16 14.242000 865 0 14.251000 361 0 14.254000 710 4 14.271000 491 0 14.273000 534 0 14.327000 386 4 14.364000 611 0 14.331000 284 0 14.295000 712 0 14.242000 634 0 14.298000 382 0 14.266000 490 4 14.313000 532 0 14.299000 
502 0 64.461998 201 12 14.376000 306 1088 14.326000 703 0 14.290000 205 1084 14.322000 865 0 14.312000 361 0 14.338000 710 0 14.336000 491 0 14.346000 530 1032 14.340000 386 0 14.344000 607 1036 14.244000 284 0 14.259000 712 0 14.264000 632 1028 14.312000 382 0 14.221000 492 0 14.294000 530 1028 14.248000 
500 1028 64.426025 212 16 14.243000 264 1088 14.245000 703 0 14.227000 162 1096 14.308000 865 0 14.314000 360 1028 14.368000 697 1048 14.284000 491 0 14.350000 530 0 14.266000 385 0 14.382000 603 1032 14.312000 285 0 14.332000 712 0 14.269000 632 0 14.345000 382 0 14.272000 492 0 14.340000 530 0 14.336000 
503 0 64.509003 218 8 14.319000 238 1068 14.272000 703 0 14.284000 160 0 14.230000 864 1028 14.238000 360 0 14.295000 677 1056 14.206000 491 0 14.282000 530 0 14.314000 385 0 14.395000 603 0 14.257000 285 0 14.329000 710 1028 14.237000 632 0 14.243000 382 0 14.242000 492 0 14.313000 530 0 14.230000 
529 60 64.422997 274 128 14.366000 244 16 14.288000 692 1040 14.320000 166 8 14.253000 854 1044 14.317000 361 4 14.351000 660 1052 14.311000 491 0 14.410000 530 0 14.281000 383 0 14.311000 603 0 14.257000 285 0 14.346000 710 0 14.265000 632 0 14.314000 383 0 14.285000 492 0 14.306000 530 0 14.324000 
578 88 64.596001 370 144 14.340000 278 64 14.295000 679 1052 14.358000 185 28 14.252000 845 1036 14.276978 361 0 14.291000 658 1028 14.270000 492 4 14.300000 530 0 14.228000 383 0 14.312000 603 0 14.192000 285 0 14.298000 710 0 14.226000 634 0 14.288000 383 0 14.236000 492 0 14.297000 530 0 14.259000 
