366 0 14.259000 595 0 14.370000 262 0 14.416992 736 0 14.304000 373 0 14.321000 586 0 14.371000 359 0 14.241000 697 0 14.239000 402 0 14.265000 536 0 14.336000 318 0 14.266000 715 0 14.291000 30 0 14.319000 991 0 14.297000 827 0 14.281000 176 0 14.338000 428 0 14.314000 531 0 14.353000 
366 0 64.491997 595 0 14.309000 262 0 14.343000 736 0 14.207000 373 0 14.201000 586 0 14.235000 359 0 14.233000 697 0 14.221000 402 0 14.244000 536 0 14.283000 318 0 14.273000 715 0 14.231000 30 0 14.358000 991 0 14.301000 827 0 14.361000 176 0 14.324000 428 0 14.371000 531 0 14.259000 
365.6 0 64.411003 595.07 0 14.365000 261.44 0 14.367000 735.73 0 14.326000 372.78 0 14.318000 586.15 0 14.407000 359.35 0 14.250000 697.11 0 14.239000 401.86 0 14.195000 536.3 0 14.218000 318.29 0 14.180000 715.04 0 14.250000 30.21 0 14.273000 991.15 0 14.268000 826.64 0 14.240000 176.28 0 14.284000 427.76 0 14.370000 530.78 0 14.288000 
365.22 0 64.459000 595.14 0 14.332000 260.9 0 14.255000 735.47 0 14.271000 372.57 0 14.245000 586.29 0 14.279000 359.68 0 14.253000 697.22 0 14.248000 401.73 0 14.247986 536.59 0 14.247000 318.58 0 14.237000 715.09 0 14.253000 30.415 0 14.301000 991.3 0 14.192000 826.28 0 14.194000 176.55 0 14.174000 427.52 0 14.196000 530.56 0 14.258000 
364.9 0 64.413002 595.2 0 14.228000 260.45 0 14.263000 735.26 0 14.289000 372.4 0 14.263000 586.41 0 14.342000 359.96 0 14.330000 697.31 0 14.323000 401.62 0 14.267000 536.83 0 14.329000 318.81 0 14.226000 715.12 0 14.244000 30.582 0 14.283000 991.42 0 14.308000 825.99 0 14.295000 176.77 0 14.270000 427.33 0 14.326000 530.38 0 14.359000 
364.65 0 64.473999 595.25 0 14.222000 260.1 0 14.241000 735.1 0 14.282000 372.26 0 14.239000 586.5 0 14.230000 360.18 0 14.350000 697.38 0 14.300000 401.53 0 14.325000 537.02 0 14.322000 319 0 14.295000 715.15 0 14.327000 30.713 0 14.372000 991.52 0 14.298000 825.77 0 14.339000 176.95 0 14.227000 427.18 0 14.277000 530.25 0 14.211000 
364.46 0 64.244003 595.28 0 14.182000 259.83 0 14.586000 734.97 0 14.151000 372.15 0 14.210000 586.57 0 14.241000 360.34 0 14.214000 697.43 0 14.254000 401.47 0 14.282000 537.16 0 14.289000 319.14 0 14.248000 715.17 0 14.278000 30.815 0 14.353000 991.59 0 14.297974 825.59 0 14.271000 177.08 0 14.282000 427.06 0 14.362000 530.14 0 14.309000 
364.31 0 64.366997 595.31 0 14.297000 259.62 0 14.367000 734.87 0 14.286000 372.07 0 14.279000 586.63 0 14.230000 360.48 0 14.260000 697.47 0 14.275000 401.42 0 14.323000 537.28 0 14.394000 319.25 0 14.292000 715.19 0 14.276000 30.895 0 14.354000 991.65 0 14.290000 825.45 0 14.239000 177.19 0 14.243000 426.97 0 14.281000 530.05 0 14.278000 
364.19 0 64.392998 595.33 0 14.310000 259.45 0 14.310000 734.79 0 14.365000 372.01 0 14.302000 586.67 0 14.375000 360.58 0 14.308000 697.5 0 14.280000 401.38 0 14.258000 537.37 0 14.277000 319.34 0 14.215000 715.2 0 14.307000 30.957 0 14.367000 991.69 0 14.252000 825.35 0 14.312000 177.27 0 14.282000 426.9 0 14.327000 529.99 0 14.269000 
364.1 0 64.336998 595.35 0 14.286000 259.33 0 14.206000 734.73 0 14.221000 371.96 0 14.227000 586.71 0 14.330000 360.66 0 14.223000 697.53 0 14.298000 401.34 0 14.342000 537.43 0 14.343000 319.4 0 14.286000 715.21 0 14.284000 31.004 0 14.355000 991.73 0 14.316000 825.26 0 14.324000 177.34 0 14.274000 426.84 0 14.355000 529.94 0 14.319000 
364.03 0 64.513977 595.36 0 14.254000 259.23 0 14.302000 734.68 0 14.248000 371.92 0 14.275000 586.73 0 14.329000 360.72 0 14.285000 697.55 0 14.286000 401.32 0 14.246000 537.49 0 14.311000 319.46 0 14.288000 715.22 0 14.328000 31.042 0 14.332000 991.75 0 14.335000 825.2 0 14.340000 177.39 0 14.353000 426.8 0 14.337000 529.9 0 14.291000 
363.98 0 64.432999 595.37 0 14.278000 259.15 0 14.251000 734.64 0 14.286000 371.89 0 14.301000 586.75 0 14.336000 360.77 0 14.329000 697.56 0 14.342000 401.3 0 14.289000 537.53 0 14.317000 319.5 0 14.286000 715.23 0 14.281000 31.071 0 14.233000 991.77 0 14.196000 825.15 0 14.215000 177.42 0 14.219000 426.77 0 14.184000 529.87 0 14.174000 
363.93 0 64.258003 595.38 0 14.182000 259.09 0 14.199000 734.62 0 14.247000 371.86 0 14.231000 586.77 0 14.255000 360.8 0 14.256000 697.57 0 14.174000 401.29 0 14.220000 537.56 0 14.277000 319.53 0 14.229000 715.23 0 14.224000 31.093 0 14.187000 991.79 0 14.170000 825.11 0 14.179000 177.45 1028 14.143000 426.74 0 14.187000 529.84 0 14.176000 
363.9 0 64.248001 595.39 0 14.176000 259.04 0 14.159000 734.59 0 14.184021 371.85 0 14.165000 586.78 0 14.191000 360.83 0 14.182000 697.58 0 14.165000 401.27 0 14.188000 537.59 0 14.228000 319.55 0 14.306000 715.23 0 14.289000 31.11 0 14.272000 991.8 0 14.282000 825.08 0 14.394000 177.48 0 14.298000 426.72 0 14.311000 529.83 0 14.271000 
363.88 0 64.273003 595.39 0 14.254000 259.01 0 14.273000 734.58 0 14.284000 371.83 0 14.331000 586.79 0 14.279000 360.85 0 14.246000 697.59 0 14.327000 401.27 0 14.371000 537.6 0 14.355000 319.57 0 14.286000 715.24 0 14.238000 31.124 0 14.328000 991.81 0 14.278000 825.06 0 14.364000 177.49 0 14.249000 426.71 0 14.346000 529.81 0 14.264000 
363.86 0 64.374001 595.4 0 14.198000 258.98 0 14.224000 734.56 0 14.336000 371.82 0 14.347000 586.8 0 14.287000 360.87 0 14.305000 697.6 0 14.275000 401.26 0 14.220000 537.62 0 14.228000 319.59 0 14.206000 715.24 0 14.210000 31.135 0 14.154000 991.82 0 14.176000 825.04 0 14.192000 177.51 0 14.226000 426.69 0 14.288000 529.8 0 14.164000 
363.84 0 64.362000 595.4 0 14.261000 258.96 0 14.279000 734.55 0 14.294000 371.81 0 14.337000 586.8 0 14.414000 360.88 0 14.272000 697.6 0 14.315000 401.25 0 14.259000 537.63 0 14.307983 319.6 0 14.203000 715.24 0 14.228000 31.143 0 14.391000 991.83 0 14.253000 825.03 0 14.272000 177.52 0 14.286000 426.69 0 14.282000 529.79 0 14.280000 
363.83 0 64.382004 595.4 0 14.257000 258.94 0 14.181000 734.54 0 14.300000 371.81 0 14.345000 586.81 0 14.254000 360.9 0 14.304000 697.6 0 14.287000 401.25 0 14.303000 537.64 0 14.346000 319.61 0 14.295000 715.24 0 14.337000 31.149 0 14.319000 991.83 0 14.361000 825.01 0 14.372000 177.53 0 14.341000 426.68 0 14.292000 529.79 0 14.188000 
363.82 0 64.296997 595.4 0 14.241000 258.93 0 14.298000 734.54 0 14.362000 371.8 0 14.287000 586.81 0 14.389000 360.9 0 14.264000 697.61 0 14.244000 401.25 0 14.267000 537.65 0 14.259000 319.61 0 14.275000 715.24 0 14.247000 31.154 0 14.243000 991.83 0 14.256000 825.01 0 14.229000 177.53 0 14.266000 426.67 0 14.391000 529.78 0 14.254000 
363.81 0 64.350998 595.4 0 14.239000 258.92 0 14.279000 734.53 0 14.338000 371.8 0 14.282000 586.81 0 14.328000 360.91 0 14.356000 697.61 0 14.312000 401.24 0 14.267000 537.65 0 14.261000 319.62 0 14.335000 715.24 0 14.309000 31.158 0 14.258000 991.84 0 14.289000 825 0 14.351013 177.54 0 14.245000 426.67 0 14.249000 529.78 0 14.243000 
363.81 0 64.321999 595.4 0 14.200000 258.91 0 14.233000 734.53 0 14.302000 371.79 0 14.308000 586.82 0 14.240000 360.91 0 14.233000 697.61 0 14.224000 401.24 0 14.230000 537.66 0 14.259000 319.62 0 14.279000 715.24 0 14.162000 31.161 0 14.244000 991.84 0 14.323000 824.99 0 14.364000 177.54 0 14.325000 426.66 0 14.314000 529.77 0 14.275000 
363.8 0 64.500999 595.41 0 14.314000 258.9 0 14.326000 734.53 0 14.391000 371.79 0 14.311000 586.82 0 14.337000 360.92 0 14.334000 697.61 0 14.300000 401.24 0 14.309000 537.66 0 14.322000 319.63 0 14.354000 715.24 0 14.288000 31.163 0 14.291000 991.84 1028 14.252000 824.99 0 14.236000 177.55 0 14.273000 426.66 0 14.292000 529.77 0 14.290000 
363.8 0 64.393997 595.41 0 14.347000 258.9 0 14.297000 734.52 0 14.332000 371.79 0 14.323000 586.82 0 14.293000 360.92 0 14.238000 697.61 0 14.241000 401.24 0 14.282000 537.66 0 14.268000 319.63 0 14.301000 715.25 0 14.336000 31.165 0 14.345000 991.84 0 14.306000 824.99 0 14.367000 177.55 0 14.313000 426.66 0 14.358000 529.77 0 14.297000 
363.8 0 64.398010 595.41 0 14.289000 258.89 1028 14.319000 734.52 0 14.293000 371.79 0 14.231000 586.82 0 14.323000 360.92 0 14.363000 697.61 0 14.336000 401.24 0 14.285000 537.66 0 14.331000 319.63 0 14.294000 715.25 0 14.324000 31.166 0 14.339000 991.84 0 14.199000 824.99 0 14.257000 177.55 0 14.259000 426.66 0 14.276000 529.77 0 14.258000 
363.79 0 64.359001 595.41 0 14.257000 258.89 4 14.256000 734.52 0 14.271000 371.79 0 14.220000 586.82 0 14.271000 360.93 0 14.228000 697.61 0 14.235000 401.24 0 14.233000 537.67 0 14.268000 319.63 0 14.210000 715.25 0 14.271000 31.167 0 14.298000 991.84 0 14.256000 824.98 0 14.258000 177.55 0 14.312000 426.66 0 14.222000 529.77 0 14.227000 
363.79 0 64.498001 595.41 0 14.220000 258.89 0 14.236000 734.52 0 14.294000 371.79 0 14.315000 586.82 0 14.240000 360.93 0 14.285000 697.61 0 14.337000 401.24 0 14.266000 537.67 0 14.290000 319.63 0 14.377000 715.25 0 14.275000 31.168 0 14.260000 991.84 0 14.317000 824.98 0 14.381000 177.55 0 14.308000 426.66 0 14.333000 529.77 0 14.262000 
363.79 0 64.435997 595.41 0 14.334000 258.89 0 14.302000 734.52 0 14.315979 371.79 0 14.261000 586.82 0 14.232000 360.93 0 14.239000 697.61 0 14.214000 401.24 0 14.254000 537.67 0 14.238000 319.63 0 14.344000 715.25 0 14.315000 31.169 0 14.389000 991.84 0 14.292000 824.98 0 14.351000 177.55 0 14.297000 426.66 0 14.329000 529.76 0 14.243000 
363.79 0 64.536003 595.41 0 14.260000 258.89 0 14.280000 734.52 0 14.372000 371.79 0 14.331000 586.82 0 14.328000 360.93 0 14.303000 697.62 0 14.280000 401.24 0 14.285000 537.67 0 14.220000 319.64 0 14.233000 715.25 0 14.229000 31.169 0 14.238000 991.84 0 14.298000 824.98 0 14.254000 177.55 0 14.285000 426.65 0 14.324000 529.76 0 14.299000 
363.79 0 64.404999 595.41 0 14.252000 258.89 0 14.262000 734.52 0 14.301000 371.79 0 14.202000 586.82 0 14.274000 360.93 0 14.276000 697.62 4 14.286000 401.24 0 14.240000 537.67 0 14.238000 319.64 0 14.263000 715.25 0 14.334000 31.17 0 14.302000 991.85 0 14.272000 824.98 0 14.309000 177.56 0 14.261000 426.65 0 14.229000 529.76 0 14.232000 
363.79 0 64.402000 595.41 0 14.220000 258.88 0 14.234000 734.52 0 14.286000 371.78 0 14.264000 586.82 0 14.311000 360.93 0 14.317000 697.62 0 14.300000 401.24 0 14.309000 537.67 0 14.289978 319.64 0 14.209000 715.25 0 14.255000 31.17 0 14.286000 991.85 0 14.243000 824.98 0 14.273000 177.56 0 14.197000 426.65 0 14.263000 529.76 0 14.274000 
363.79 0 64.358002 595.41 0 14.246000 258.88 0 14.287000 734.52 0 14.275000 371.78 0 14.211000 586.82 0 14.254000 360.93 0 14.280000 697.62 0 14.232000 401.24 0 14.307000 537.67 0 14.351000 319.64 0 14.365000 715.25 0 14.324000 31.17 0 14.391000 991.85 0 14.310000 824.98 0 14.366000 177.56 0 14.333000 426.65 0 14.291000 529.76 0 14.254000 
363.79 0 64.533997 595.41 0 14.318000 258.88 0 14.303000 734.52 0 14.332000 371.78 0 14.316000 586.82 0 14.370000 360.93 0 14.310000 697.62 0 14.237000 401.24 0 14.248000 537.67 0 14.233000 319.64 0 14.247000 715.25 0 14.274000 31.17 0 14.359000 991.85 0 14.263000 824.98 0 14.301000 177.56 0 14.290000 426.65 0 14.353000 529.76 0 14.274000 
363.79 0 64.273003 595.41 0 14.172000 258.88 0 14.189000 734.52 0 14.288000 371.78 0 14.247000 586.82 0 14.324000 360.93 0 14.315000 697.62 0 14.329000 401.24 0 14.270000 537.67 0 14.338000 319.64 0 14.309000 715.25 0 14.236000 31.171 0 14.278000 991.85 0 14.298000 824.98 0 14.257996 177.56 0 14.292000 426.65 0 14.323000 529.76 0 14.270000 
363.79 0 64.289001 595.41 0 14.225000 258.88 0 14.242000 734.52 0 14.269000 371.78 0 14.358000 586.82 0 14.286000 360.93 0 14.270000 697.62 0 14.255000 401.24 0 14.202000 537.67 4 14.251000 319.64 0 14.243000 715.25 0 14.295000 31.171 0 14.340000 991.85 0 14.305000 824.98 0 14.331000 177.56 0 14.299000 426.65 0 14.389000 529.76 0 14.269000 
363.79 0 64.469002 595.41 0 14.281000 258.88 0 14.308000 734.52 0 14.305000 371.78 0 14.291000 586.82 0 14.299000 360.93 0 14.323000 697.62 0 14.310000 401.24 0 14.273000 537.67 0 14.275000 319.64 0 14.256000 715.25 0 14.250000 31.171 0 14.256000 991.85 1028 14.261000 824.98 0 14.285000 177.56 0 14.267000 426.65 0 14.283000 529.76 0 14.262000 
363.79 0 64.391998 595.41 0 14.323000 258.88 0 14.338000 734.52 0 14.345000 371.78 0 14.298000 586.82 0 14.349000 360.93 0 14.254000 697.62 0 14.253000 401.24 0 14.322000 537.67 0 14.232000 319.64 0 14.201000 715.25 0 14.232000 31.171 0 14.249000 991.85 0 14.198000 824.98 0 14.292000 177.56 0 14.315000 426.65 0 14.342000 529.76 0 14.295000 
363.79 0 64.331970 595.41 0 14.318000 258.88 0 14.213000 734.52 0 14.228000 371.78 0 14.237000 586.82 0 14.185000 360.93 0 14.236000 697.62 0 14.206000 401.24 0 14.237000 537.67 0 14.277000 319.64 0 14.355000 715.25 0 14.281000 31.171 0 14.327000 991.85 0 14.268000 824.98 0 14.263000 177.56 0 14.221000 426.65 0 14.281000 529.76 0 14.281000 
363.79 0 64.342003 595.41 0 14.226000 258.88 0 14.233000 734.52 0 14.290000 371.78 0 14.247000 586.82 0 14.344000 360.93 0 14.203000 697.62 0 14.284000 401.24 0 14.255000 537.67 0 14.276000 319.64 0 14.348000 715.25 0 14.293000 31.171 0 14.347000 991.85 0 14.350000 824.98 0 14.328000 177.56 0 14.244000 426.65 0 14.397000 529.76 0 14.311000 
363.79 0 64.417999 595.41 0 14.288000 258.88 0 14.265000 734.52 0 14.291000 371.78 0 14.261000 586.82 0 14.316000 360.93 0 14.333000 697.62 0 14.273000 401.24 0 14.323000 537.67 0 14.353000 319.64 0 14.338000 715.25 0 14.264000 31.171 0 14.349000 991.85 0 14.326000 824.98 0 14.373000 177.56 0 14.299000 426.65 0 14.363000 529.76 0 14.294000 
363.79 0 64.471001 595.41 0 14.320000 258.88 0 14.290000 734.52 0 14.306000 371.78 0 14.344971 586.82 0 14.217000 360.93 0 14.240000 697.62 0 14.312000 401.24 0 14.214000 537.67 0 14.179000 319.64 0 14.317000 715.25 0 14.274000 31.171 0 14.319000 991.85 0 14.292000 824.98 0 14.310000 177.56 0 14.296000 426.65 0 14.240000 529.76 0 14.242000 
363.79 0 64.400002 595.41 0 14.277000 258.88 0 14.262000 734.52 0 14.242000 371.78 0 14.350000 586.82 0 14.374000 360.93 0 14.336000 697.62 0 14.307000 401.24 0 14.355000 537.67 0 14.340000 319.64 0 14.299000 715.25 0 14.247000 31.171 0 14.289000 991.85 0 14.331000 824.98 0 14.338000 177.56 0 14.246000 426.65 0 14.337000 529.76 0 14.281000 
363.79 0 64.480003 595.41 0 14.289000 258.88 0 14.280000 734.52 0 14.252000 371.78 0 14.241000 586.82 0 14.309000 360.93 0 14.271000 697.62 0 14.342000 401.24 0 14.231000 537.67 0 14.271000 319.64 0 14.315000 715.25 0 14.298000 31.171 0 14.303000 991.85 0 14.308000 824.98 0 14.357000 177.56 0 14.343000 426.65 0 14.379000 529.76 0 14.264000 
363.79 0 64.509003 595.41 0 14.273000 258.88 0 14.281000 734.52 0 14.287000 371.78 0 14.354000 586.82 0 14.376000 360.93 0 14.319000 697.62 0 14.323000 401.24 0 14.259000 537.67 0 14.393982 319.64 0 14.297000 715.25 0 14.295000 31.171 4 14.308000 991.85 0 14.246000 824.98 0 14.245000 177.56 0 14.282000 426.65 0 14.269000 529.76 0 14.264000 
363.79 0 64.466003 595.41 0 14.267000 258.88 0 14.240000 734.52 0 14.222000 371.78 0 14.291000 586.82 0 14.390000 360.93 0 14.305000 697.62 0 14.371000 401.24 0 14.296000 537.67 0 14.344000 319.64 0 14.359000 715.25 0 14.287000 31.171 0 14.364000 991.85 0 14.299000 824.98 0 14.389000 177.56 0 14.306000 426.65 0 14.358000 529.76 0 14.266000 
363.79 0 64.439003 595.41 0 14.292000 258.88 0 14.273000 734.52 0 14.289000 371.78 0 14.255000 586.82 0 14.240000 360.93 0 14.256000 697.62 0 14.283000 401.24 0 14.261000 537.67 0 14.253000 319.64 0 14.209000 715.25 0 14.281000 31.171 0 14.270000 991.85 0 14.240000 824.98 0 14.271000 177.56 0 14.239000 426.65 0 14.291000 529.76 0 14.254000 
363.79 0 64.383003 595.41 0 14.280000 258.88 0 14.244000 734.52 0 14.310000 371.78 0 14.295000 586.82 0 14.398000 360.93 0 14.332000 697.62 0 14.252000 401.24 0 14.237000 537.67 0 14.382000 319.64 0 14.318000 715.25 0 14.332000 31.171 0 14.305000 991.85 0 14.332000 824.98 0 14.357000 177.56 0 14.280029 426.65 0 14.253000 529.76 0 14.268000 
363.79 0 64.334999 595.41 0 14.244000 258.88 0 14.210000 734.52 0 14.160000 371.78 0 14.172000 586.82 0 14.180000 360.93 0 14.193000 697.62 0 14.294000 401.24 0 14.323000 537.67 0 14.215000 319.64 0 14.194000 715.25 0 14.279000 31.171 0 14.298000 991.85 0 14.244000 824.98 0 14.287000 177.56 0 14.251000 426.65 0 14.318000 529.76 0 14.280000 
363.79 0 64.358002 595.41 0 14.278000 258.88 0 14.241000 734.52 0 14.286000 371.78 0 14.257000 586.82 0 14.275000 360.93 0 14.319000 697.62 0 14.257000 401.24 0 14.300000 537.67 0 14.334000 319.64 0 14.340000 715.25 0 14.308000 31.171 0 14.386000 991.85 0 14.277000 824.98 0 14.267000 177.56 0 14.237000 426.65 0 14.229000 529.76 0 14.212000 
363.79 1028 64.398003 595.41 0 14.238000 258.88 0 14.289000 734.52 0 14.284000 371.78 0 14.264000 586.82 0 14.278000 360.93 0 14.339000 697.62 0 14.294000 401.24 0 14.244000 537.67 0 14.322000 319.64 0 14.313000 715.25 0 14.300000 31.171 0 14.357000 991.85 0 14.354000 824.98 0 14.339000 177.56 0 14.323000 426.65 0 14.308000 529.76 0 14.297000 
363.79 0 64.328979 595.41 0 14.239000 258.88 0 14.191000 734.52 0 14.278000 371.78 0 14.258000 586.82 0 14.231000 360.93 0 14.236000 697.62 0 14.343000 401.24 0 14.318000 537.67 0 14.340000 319.64 0 14.343000 715.25 0 14.223000 31.171 0 14.348000 991.85 0 14.239000 824.98 0 14.252000 177.56 0 14.209000 426.65 0 14.322000 529.76 0 14.239000 
363.79 0 64.499001 595.41 0 14.324000 258.88 0 14.340000 734.52 0 14.359000 371.78 0 14.344000 586.82 0 14.314000 360.93 0 14.199000 697.62 0 14.383000 401.24 0 14.346000 537.67 0 14.401000 319.64 0 14.298000 715.25 0 14.298000 31.171 0 14.361000 991.85 0 14.327000 824.98 0 14.318000 177.56 0 14.323000 426.65 0 14.306000 529.76 0 14.318000 
363.79 0 64.358002 595.41 0 14.316000 258.88 0 14.265000 734.52 0 14.315000 371.78 0 14.226000 586.82 0 14.220000 360.93 0 14.251000 697.62 0 14.288000 401.24 0 14.276000 537.67 0 14.225000 319.64 0 14.237000 715.25 0 14.288000 31.171 0 14.276000 991.85 0 14.282000 824.98 0 14.256000 177.56 0 14.332000 426.65 0 14.366000 529.76 0 14.349000 
363.79 0 64.495003 595.41 0 14.285000 258.88 0 14.303000 734.52 0 14.361000 371.78 0 14.315979 586.82 0 14.301000 360.93 0 14.219000 697.62 0 14.241000 401.24 0 14.265000 537.67 0 14.394000 319.64 0 14.356000 715.25 0 14.282000 31.171 0 14.339000 991.85 0 14.330000 824.98 0 14.307000 177.56 0 14.321000 426.65 0 14.351000 529.76 0 14.292000 
363.79 0 64.473999 595.41 0 14.328000 258.88 0 14.338000 734.52 0 14.324000 371.78 0 14.330000 586.82 0 14.346000 360.93 0 14.279000 697.62 0 14.391000 401.24 0 14.321000 537.67 0 14.403000 319.64 0 14.275000 715.25 0 14.262000 31.171 0 14.227000 991.85 0 14.222000 824.98 0 14.302000 177.56 0 14.226000 426.65 0 14.312000 529.76 0 14.275000 
363.79 0 64.366997 595.41 0 14.271000 258.88 0 14.238000 734.52 0 14.284000 371.78 0 14.207000 586.82 0 14.266000 360.93 0 14.253000 697.62 0 14.352000 401.24 0 14.272000 537.67 0 14.268000 319.64 0 14.228000 715.25 0 14.251000 31.171 0 14.318000 991.85 0 14.270000 824.98 0 14.330000 177.56 0 14.318000 426.65 0 14.324000 529.76 0 14.271000 
363.79 0 64.453003 595.41 0 14.311000 258.88 0 14.358000 734.52 0 14.372000 371.78 0 14.356000 586.82 0 14.373000 360.93 0 14.319000 697.62 0 14.367000 401.24 0 14.327000 537.67 0 14.342000 319.64 0 14.320007 715.25 0 14.249000 31.171 0 14.274000 991.85 0 14.277000 824.98 0 14.317000 177.56 0 14.294000 426.65 0 14.324000 529.76 0 14.251000 
363.79 0 64.501999 595.41 0 14.271000 258.88 0 14.252000 734.52 0 14.342000 371.78 0 14.277000 586.82 0 14.344000 360.93 0 14.346000 697.62 0 14.299000 401.24 0 14.324000 537.67 0 14.344000 319.64 0 14.253000 715.25 0 14.272000 31.171 0 14.423000 991.85 0 14.244000 824.98 0 14.434000 177.56 0 14.310000 426.65 0 14.443000 529.76 0 14.369000 
363.79 0 64.460999 595.41 0 14.279000 258.88 0 14.345000 734.52 0 14.347000 371.78 0 14.363000 586.82 0 14.310000 360.93 0 14.278000 697.62 0 14.316000 401.24 0 14.255000 537.67 0 14.213000 319.64 0 14.245000 715.25 0 14.318000 31.171 0 14.310000 991.85 0 14.300000 824.98 1028 14.347000 177.56 0 14.280000 426.65 0 14.324000 529.76 0 14.309000 
363.79 0 64.436996 595.41 0 14.297000 258.88 0 14.295000 734.52 0 14.281000 371.78 0 14.305000 586.82 0 14.215000 360.93 0 14.293000 697.62 0 14.290000 401.24 0 14.333000 537.67 0 14.350000 319.64 0 14.328000 715.25 0 14.301000 31.171 0 14.376000 991.85 0 14.278000 824.98 0 14.357000 177.56 0 14.283020 426.65 0 14.276000 529.76 0 14.295000 
363.79 0 64.476997 595.41 0 14.298000 258.88 0 14.209000 734.52 0 14.287000 371.78 0 14.213000 586.82 0 14.284000 360.93 0 14.184000 697.62 0 14.183000 401.24 0 14.272000 537.67 0 14.299000 319.64 0 14.224000 715.25 0 14.266000 31.171 0 14.369000 991.85 0 14.358000 824.98 0 14.359000 177.56 0 14.398000 426.65 0 14.296000 529.76 0 14.274000 
363.79 0 64.507004 595.41 0 14.251000 258.88 0 14.228000 734.52 0 14.252000 371.78 0 14.222000 586.82 0 14.261000 360.93 0 14.176000 697.62 0 14.190000 401.24 0 14.200000 537.67 0 14.218000 319.64 0 14.204000 715.25 0 14.245000 31.171 0 14.297000 991.85 0 14.345000 824.98 0 14.304000 177.56 0 14.267000 426.65 0 14.334000 529.76 0 14.219000 
