325 0 14.331000 692 4 14.359000 282 1032 14.346000 731 0 14.312000 411 0 14.288000 614 0 14.348000 359 0 14.362000 676 0 14.280000 484 0 14.281000 538 0 14.334000 354 0 14.309000 674 0 14.340000 264 0 14.359000 748 0 14.348000 638 0 14.319000 406 0 14.280000 484 0 14.294000 533 0 14.239000 
326 0 64.531998 686 1032 14.332000 279 1028 14.351000 732 0 14.271000 411 0 14.308000 614 0 14.318000 359 0 14.367000 676 0 14.280000 484 0 14.272000 538 0 14.285000 354 0 14.361000 674 0 14.296000 264 0 14.388000 747 0 14.301000 638 0 14.288000 408 0 14.296000 484 0 14.288000 533 0 14.317000 
327 0 64.355003 683 1028 14.272000 279 0 14.287000 732 0 14.275000 411 0 14.287000 614 0 14.284000 359 0 14.293000 676 0 14.278015 484 0 14.280000 538 0 14.270000 354 0 14.283000 674 0 14.258000 264 0 14.355000 747 0 14.275000 638 0 14.311000 409 0 14.233000 484 0 14.284000 533 0 14.233000 
325 1028 64.457001 690 12 14.251000 281 8 14.308000 730 1028 14.309000 412 0 14.345000 614 0 14.306000 359 0 14.345000 676 1028 14.333000 484 0 14.360000 538 0 14.312000 354 0 14.298000 674 0 14.229000 264 0 14.313000 747 0 14.299000 638 0 14.284000 409 0 14.298000 484 0 14.283000 532 0 14.294000 
344 40 64.400002 660 1076 14.346000 277 1028 14.275000 740 12 14.235000 412 0 14.327000 619 8 14.302000 359 0 14.353000 678 0 14.297000 488 4 14.326000 538 0 14.288000 361 8 14.322000 669 1032 14.314000 271 8 14.349000 741 1032 14.315000 635 1028 14.318000 411 4 14.282000 484 0 14.335000 532 0 14.315000 
440 144 64.495003 547 1208 14.389000 276 0 14.409000 749 4 14.341000 411 0 14.308000 621 4 14.301000 356 0 14.295000 677 0 14.261000 489 0 14.305000 538 0 14.220000 370 16 14.227000 659 1044 14.204000 277 12 14.277000 735 1036 14.268982 632 1028 14.219000 412 0 14.258000 484 0 14.322000 532 0 14.334000 
503 48 64.374001 482 1160 14.298000 276 0 14.310000 749 0 14.299000 411 1028 14.306000 620 1028 14.303000 356 0 14.275000 677 0 14.241000 489 0 14.333000 538 0 14.282000 370 1028 14.246000 661 4 14.250000 280 4 14.336000 735 0 14.253000 627 1028 14.280000 418 8 14.238000 484 0 14.283000 531 1028 14.200000 
515 16 64.350998 489 12 14.345000 214 1156 14.337000 741 1036 14.314000 390 1060 14.340000 619 1028 14.228000 363 8 14.302000 686 16 14.288000 489 0 14.311000 540 4 14.184000 373 8 14.327000 661 0 14.220000 283 4 14.278000 731 1028 14.240000 621 1036 14.291000 430 20 14.249000 484 0 14.286000 532 4 14.314000 
515 8 64.457001 485 1036 14.256000 132 1156 14.281000 676 1156 14.278000 346 1104 14.278000 609 1044 14.264000 370 4 14.281000 695 16 14.261000 490 0 14.283000 544 4 14.273000 376 4 14.287000 661 0 14.258000 287 0 14.321000 728 0 14.269000 617 1028 14.310000 439 12 14.216000 484 0 14.241000 533 0 14.200000 
511 1032 64.453979 484 0 14.205000 127 1032 14.217000 636 1064 14.256000 304 1072 14.271000 605 1028 14.196000 371 0 14.186000 697 8 14.257000 494 8 14.316000 549 8 14.261000 378 4 14.290000 664 12 14.274000 291 8 14.417000 729 0 14.257000 612 0 14.268000 444 8 14.265000 483 0 14.326000 534 0 14.251000 
500 1060 64.501999 482 8 14.263000 129 12 14.322000 674 60 14.360000 290 1068 14.348000 650 88 14.319000 356 1056 14.331000 683 1064 14.273000 496 4 14.286000 552 4 14.271000 379 4 14.332000 657 1036 14.230000 299 16 14.299000 729 0 14.295000 602 1040 14.281000 444 0 14.257000 481 0 14.305000 534 0 14.359000 
498 1036 64.401001 477 1032 14.295000 250 216 14.275000 779 176 14.282000 339 76 14.265000 754 168 14.346000 343 1044 14.273000 669 1040 14.266000 496 1028 14.362000 553 0 14.257000 384 8 14.287000 651 1028 14.268000 306 12 14.290000 727 0 14.271000 594 1032 14.328000 444 0 14.290000 479 0 14.380000 534 0 14.392000 
497 1028 64.555000 484 24 14.383000 356 156 14.286987 875 156 14.307000 381 56 14.342000 820 84 14.320000 338 1040 14.358000 663 1032 14.290000 496 1028 14.370000 552 0 14.316000 386 4 14.334000 647 0 14.251000 311 8 14.281000 720 1036 14.244000 589 1028 14.287000 445 0 14.310000 479 0 14.303000 534 0 14.292000 
498 1028 64.496002 495 12 14.299000 416 48 14.265000 886 8 14.327000 401 48 14.329000 822 1040 14.263000 340 4 14.261000 667 20 14.222000 495 0 14.250000 553 4 14.194000 391 4 14.253000 646 4 14.222000 314 8 14.302000 720 0 14.229000 588 1028 14.320000 451 8 14.299000 478 0 14.355000 534 0 14.351000 
520 36 64.501999 500 20 14.369000 297 1240 14.325000 807 1192 14.278000 301 1224 14.314000 741 1176 14.329000 352 20 14.312000 682 16 14.266000 496 4 14.321000 553 0 14.256000 394 12 14.263000 645 1028 14.225000 318 8 14.351000 718 1028 14.297000 586 1028 14.348000 456 4 14.281000 477 1028 14.320000 534 0 14.313000 
524 1032 64.531998 501 1028 14.301000 140 1276 14.276000 644 1276 14.296000 229 1116 14.316000 705 1064 14.251000 356 0 14.286000 685 8 14.265000 496 0 14.304016 555 4 14.250000 394 1028 14.367000 647 0 14.271000 319 0 14.351000 717 0 14.334000 585 1028 14.350000 456 4 14.282000 477 0 14.283000 534 0 14.324000 
501 1060 64.364998 490 1048 14.260000 122 0 14.307000 587 1132 14.242000 216 1040 14.278000 692 1056 14.262000 352 1028 14.298000 678 1048 14.298000 497 4 14.269000 557 4 14.207000 394 0 14.239000 644 1032 14.201000 320 0 14.267000 717 0 14.234000 583 0 14.199000 455 1028 14.214000 477 0 14.272000 536 8 14.211000 
495 1028 64.408997 478 1044 14.205000 213 160 14.295000 694 208 14.301000 286 116 14.352000 789 164 14.312000 331 1056 14.378000 660 1044 14.294000 499 0 14.321000 558 0 14.300000 396 8 14.366000 636 1036 14.350000 325 8 14.384000 713 1028 14.285000 576 1032 14.369000 455 0 14.294000 477 0 14.309000 537 0 14.283000 
495 0 64.459999 479 4 14.183000 352 228 14.281000 842 224 14.223000 340 76 14.260000 830 32 14.235000 330 4 14.283000 656 1028 14.255000 496 1028 14.240000 556 1032 14.219000 395 1028 14.255000 635 0 14.240000 326 0 14.332000 706 1032 14.198975 573 1028 14.235000 457 4 14.205000 475 1032 14.202000 536 1028 14.211000 
469 1084 64.292000 495 28 14.238000 406 52 14.288000 886 64 14.284000 367 48 14.300000 831 1028 14.298000 328 1028 14.296000 656 0 14.287000 491 1028 14.396000 553 1028 14.318000 394 0 14.318000 635 0 14.245000 326 0 14.276000 702 1032 14.223000 570 1028 14.287000 461 8 14.221000 475 0 14.191000 536 0 14.256000 
485 32 64.497002 500 4 14.353000 339 1140 14.279000 826 1164 14.295000 313 1144 14.316000 761 1136 14.235000 349 40 14.297000 682 36 14.244000 494 8 14.329000 555 4 14.239000 401 16 14.279000 641 4 14.247000 332 12 14.385000 703 4 14.256000 569 1028 14.342000 473 20 14.256000 475 0 14.270000 536 0 14.212000 
485 1040 64.362000 542 100 14.247000 246 1204 14.230000 737 1148 14.274000 272 1068 14.301000 721 1048 14.320000 353 1032 14.289000 684 0 14.288000 495 8 14.383000 557 0 14.321000 401 0 14.373000 644 0 14.278000 335 4 14.310000 702 1028 14.241000 567 1028 14.315000 473 1028 14.271000 476 4 14.233000 536 0 14.262000 
470 1068 64.434021 548 1036 14.253000 247 4 14.211000 746 16 14.275000 272 0 14.251000 725 12 14.228000 352 1028 14.265000 682 1028 14.338000 497 8 14.359000 556 0 14.300000 408 16 14.424000 631 1052 14.286000 338 4 14.247000 696 1028 14.285000 568 0 14.349000 473 0 14.319000 476 0 14.357000 537 4 14.282000 
604 204 64.390999 411 1260 14.346000 257 16 14.280000 749 0 14.274000 274 4 14.281000 726 0 14.256000 345 1036 14.294000 674 1036 14.238000 500 4 14.305000 556 0 14.231000 413 8 14.323000 621 1040 14.223000 343 8 14.329000 693 1028 14.222000 566 1028 14.263000 472 0 14.210000 476 0 14.292000 537 0 14.296000 
785 288 64.390999 247 1252 14.307000 273 32 14.259000 749 0 14.291000 273 1028 14.259000 729 4 14.265000 334 1040 14.350000 663 1044 14.325000 501 4 14.289000 557 0 14.241000 413 0 14.367000 618 4 14.333000 344 0 14.363000 691 1028 14.255000 565 0 14.329000 468 1028 14.231000 478 4 14.276000 540 4 14.279000 
832 48 64.584999 199 1076 14.362000 273 1036 14.298000 751 8 14.241028 272 0 14.263000 733 8 14.298000 333 0 14.326000 661 0 14.335000 501 0 14.348000 558 0 14.327000 412 0 14.288000 621 4 14.227000 344 0 14.327000 691 0 14.244000 565 0 14.313000 466 1028 14.257000 478 0 14.308000 540 0 14.285000 
844 24 64.521004 202 12 14.276000 244 1072 14.216000 751 1048 14.250000 250 1092 14.268000 731 0 14.252000 333 0 14.298000 663 4 14.210000 500 0 14.269000 558 0 14.321000 411 0 14.363000 623 4 14.296000 344 0 14.366000 691 0 14.258000 564 0 14.331000 466 0 14.231000 478 0 14.214000 541 4 14.226000 
855 16 64.585999 200 1036 14.402000 234 1036 14.323000 747 1036 14.298000 217 1064 14.281000 735 20 14.297000 334 0 14.286000 664 1028 14.310000 501 4 14.269000 557 0 14.242000 410 1028 14.335000 624 12 14.238000 344 0 14.237000 695 8 14.290000 562 1028 14.324000 465 0 14.308000 478 0 14.317000 541 0 14.305000 
873 40 64.500999 320 236 14.246000 234 0 14.298000 748 0 14.267000 207 1040 14.295000 728 1032 14.241000 336 8 14.271000 668 8 14.285000 499 0 14.343994 557 4 14.261000 402 1036 14.321000 638 12 14.251000 343 1028 14.291000 696 4 14.261000 561 0 14.280000 465 1028 14.274000 478 0 14.238000 541 0 14.255000 
873 1032 64.406998 527 344 14.264000 236 4 14.339000 747 0 14.290000 207 0 14.359000 722 1036 14.262000 333 0 14.234000 667 0 14.283000 499 0 14.205000 558 0 14.238000 404 4 14.217000 629 1040 14.209000 343 0 14.293000 695 1028 14.269000 561 0 14.275000 465 0 14.214000 479 4 14.277000 541 0 14.230000 
869 1036 64.372002 582 44 14.316000 236 0 14.265000 752 8 14.264000 209 4 14.307000 725 4 14.286000 333 0 14.286000 667 0 14.285000 499 0 14.396000 558 0 14.257000 404 0 14.308000 627 0 14.292000 343 0 14.322000 695 0 14.320000 561 0 14.370000 465 0 14.286000 479 0 14.266000 541 0 14.345000 
852 1048 64.497002 577 1044 14.358000 240 4 14.309000 759 4 14.312000 210 0 14.322000 728 0 14.314000 333 0 14.212000 668 4 14.250000 498 1028 14.381000 557 0 14.293000 404 0 14.350000 629 0 14.289000 343 0 14.405000 693 1032 14.280000 561 0 14.320984 465 0 14.268000 479 0 14.343000 541 0 14.229000 
710 1336 64.565002 576 20 14.330000 245 4 14.276000 771 20 14.277000 209 0 14.316000 734 12 14.284000 334 0 14.226000 668 0 14.242000 495 1036 14.286000 555 1028 14.268000 402 1028 14.270000 627 0 14.224000 341 1028 14.268000 689 1028 14.248000 562 4 14.270000 465 0 14.228000 478 0 14.200000 540 1028 14.226000 
529 1276 64.385002 570 1032 14.261000 237 1036 14.288000 771 0 14.266000 209 0 14.265000 732 1032 14.286000 334 1028 14.284000 668 0 14.285000 494 0 14.348000 555 0 14.229000 403 4 14.331000 624 1028 14.285000 341 0 14.281000 689 0 14.263000 561 0 14.314000 466 0 14.262000 477 1028 14.346000 540 0 14.281000 
491 1072 64.453003 537 1092 14.341000 211 1088 14.308000 796 44 14.265000 189 1044 14.261000 758 48 14.280000 331 1028 14.352000 667 1028 14.242000 496 4 14.251000 557 4 14.260000 405 4 14.282000 618 1032 14.257000 343 0 14.260000 691 0 14.264000 559 0 14.260000 466 0 14.274000 476 0 14.228000 540 0 14.248000 
478 12 64.390991 511 1076 14.250000 216 1028 14.249000 786 1076 14.290000 188 28 14.257000 756 8 14.257000 324 1036 14.239000 656 1040 14.239000 493 1028 14.309000 555 0 14.235000 402 1032 14.281000 621 12 14.257000 341 1028 14.271000 686 1036 14.210000 562 8 14.247000 461 1036 14.230000 479 4 14.277000 541 0 14.223000 
486 24 64.366997 525 4 14.290000 353 180 14.266000 663 1228 14.206000 213 36 14.207000 723 1068 14.283000 322 0 14.255000 653 1032 14.215000 492 0 14.246000 555 0 14.248000 401 0 14.320000 618 1032 14.210000 340 0 14.328000 685 0 14.231000 561 1028 14.228000 461 0 14.213000 478 1028 14.273000 541 1028 14.228000 
489 8 64.386002 520 0 14.300000 275 1224 14.284000 773 160 14.253000 172 1096 14.255000 770 80 14.243000 322 0 14.233000 653 0 14.276000 492 0 14.271000 555 0 14.284000 402 4 14.287000 617 0 14.270000 341 4 14.332000 685 0 14.295000 558 1028 14.379000 466 4 14.329000 477 0 14.320000 540 1028 14.303000 
485 1028 64.491997 531 32 14.356000 243 1088 14.322000 781 1088 14.307983 172 28 14.354000 755 1048 14.264000 322 0 14.329000 652 1028 14.353000 491 1028 14.372000 554 4 14.288000 401 1028 14.384000 618 4 14.299000 340 0 14.368000 685 0 14.292000 561 0 14.367000 464 1028 14.311000 478 4 14.365000 542 4 14.331000 
484 0 64.473000 530 1036 14.310000 378 172 14.281000 644 1252 14.216000 195 32 14.298000 736 1036 14.253000 321 1028 14.234000 652 0 14.252000 493 4 14.315000 555 4 14.275000 401 0 14.298000 614 1032 14.220000 341 0 14.266000 685 0 14.218000 558 1032 14.303000 464 0 14.249000 477 1028 14.240000 541 1028 14.250000 
489 4 64.492996 523 1032 14.289000 286 1228 14.269000 773 196 14.302000 160 1108 14.268000 779 76 14.283000 319 1028 14.260000 651 0 14.252000 491 0 14.336000 554 1028 14.314000 403 4 14.315000 614 0 14.242000 342 4 14.234000 685 0 14.266000 557 0 14.336000 466 0 14.296000 477 0 14.299000 540 0 14.268000 
504 60 64.519997 543 20 14.314000 286 20 14.277000 800 1036 14.353000 183 56 14.261000 769 1048 14.269000 321 0 14.238000 653 8 14.216000 493 8 14.272000 556 8 14.229004 405 4 14.271000 613 1032 14.212000 343 0 14.196000 685 0 14.287000 558 0 14.296000 465 0 14.260000 479 4 14.194000 541 0 14.253000 
694 344 64.554001 607 88 14.261000 311 36 14.260000 787 1048 14.320000 188 8 14.301000 759 1044 14.284000 310 1048 14.310000 639 1044 14.270000 498 8 14.314000 559 4 14.265000 409 4 14.339000 609 1028 14.234000 346 8 14.256000 686 0 14.314000 554 1032 14.303000 464 1028 14.299000 478 0 14.367000 541 0 14.340000 
775 124 64.518997 614 4 14.355000 313 1036 14.291000 799 76 14.325000 180 0 14.365000 774 28 14.321000 309 0 14.338000 638 0 14.289000 497 0 14.310000 558 0 14.302000 408 0 14.345000 610 4 14.285000 346 0 14.361000 686 4 14.269000 552 1028 14.307000 464 0 14.277000 477 0 14.236000 540 0 14.321000 
779 0 64.416000 612 0 14.284000 287 1072 14.305000 854 68 14.306000 160 4 14.345000 791 44 14.293000 310 0 14.290000 641 4 14.284000 495 0 14.347000 557 0 14.284000 406 0 14.400000 611 4 14.337000 346 0 14.207000 685 0 14.224000 552 0 14.291992 464 0 14.267000 479 0 14.328000 540 0 14.260000 
771 0 64.568001 594 1064 14.272000 328 120 14.325000 772 1152 14.279000 207 84 14.347000 765 1072 14.302000 312 4 14.347000 641 4 14.244000 495 1028 14.239000 557 0 14.252000 406 0 14.297000 612 0 14.265000 346 0 14.292000 683 0 14.270000 554 0 14.290000 464 0 14.216000 479 0 14.238000 541 0 14.238000 
776 1028 64.514000 588 1036 14.294000 376 44 14.273000 732 68 14.294000 244 76 14.319000 772 20 14.339000 312 0 14.230000 641 0 14.194000 496 8 14.255000 558 4 14.288000 408 4 14.390000 612 0 14.270000 346 0 14.351000 683 4 14.262000 553 0 14.254000 464 0 14.232000 479 0 14.314000 541 0 14.306000 
780 4 64.476997 590 8 14.336000 298 1176 14.236000 828 152 14.308000 181 1112 14.237000 808 80 14.311000 311 1028 14.270000 639 0 14.327000 495 1028 14.355000 557 0 14.333000 406 0 14.367000 612 0 14.274000 346 0 14.334000 681 1028 14.289000 553 0 14.411000 464 0 14.257000 479 4 14.347000 539 1028 14.254000 
771 1048 64.416992 583 1028 14.356000 364 184 14.289000 723 1212 14.293000 245 124 14.335000 770 1092 14.285000 315 4 14.318000 643 12 14.288000 491 1036 14.259000 553 0 14.242000 405 0 14.276000 612 0 14.276000 346 0 14.334000 679 1028 14.247000 553 0 14.275000 464 0 14.251000 479 0 14.273000 541 4 14.357000 
777 16 64.273003 565 1064 14.201000 384 1044 14.224000 731 144 14.280000 246 16 14.290000 787 44 14.288000 313 1032 14.252000 641 1028 14.302000 495 4 14.265000 557 16 14.249000 408 4 14.361000 610 0 14.251000 346 0 14.307000 680 4 14.257000 553 0 14.226000 465 4 14.258000 479 0 14.320000 539 0 14.268000 
777 1040 64.387001 544 1028 14.261000 316 1140 14.250000 802 56 14.226000 215 1040 14.264000 789 1040 14.232000 314 4 14.306000 643 0 14.296000 492 1028 14.379000 553 0 14.300000 408 0 14.286000 610 1028 14.251000 348 0 14.276000 679 0 14.249000 553 0 14.342000 465 0 14.254000 478 0 14.227000 539 0 14.274000 
668 1220 64.375999 351 1356 14.283000 328 16 14.203000 766 1092 14.271973 221 8 14.295000 780 1036 14.242000 316 4 14.269000 645 0 14.215000 491 0 14.323000 552 1028 14.259000 408 0 14.238000 612 0 14.223000 346 0 14.328000 679 0 14.211000 553 0 14.241000 465 0 14.325000 478 0 14.318000 539 0 14.294000 
493 1324 64.491997 159 1344 14.375000 323 1036 14.225000 761 0 14.243000 222 4 14.278000 780 0 14.186000 318 0 14.210000 647 0 14.222000 491 0 14.244000 552 0 14.264000 405 0 14.269000 612 0 14.227000 346 0 14.275000 679 0 14.245000 554 4 14.300000 464 0 14.193000 479 0 14.273000 540 4 14.280000 
575 288 64.433998 205 16 14.224000 322 1028 14.240000 766 12 14.220000 222 0 14.244000 779 1028 14.267000 316 1028 14.280000 645 0 14.252000 492 0 14.239000 553 4 14.250000 405 0 14.332000 613 0 14.249000 346 0 14.277000 679 0 14.238000 554 1028 14.222000 464 0 14.206000 480 0 14.183000 542 4 14.196000 
812 352 64.289001 450 372 14.200000 321 1032 14.273000 765 0 14.261000 220 1032 14.252000 778 0 14.316000 309 1040 14.260000 635 1036 14.269000 494 0 14.225000 554 0 14.200012 403 0 14.320000 614 4 14.315000 346 0 14.357000 679 0 14.261000 553 0 14.348000 461 1028 14.258000 481 0 14.281000 542 0 14.246000 
855 108 64.497002 575 236 14.341000 315 1036 14.316000 767 8 14.339000 221 0 14.339000 783 16 14.304000 316 16 14.281000 642 24 14.295000 491 0 14.286000 552 1028 14.276000 404 0 14.330000 613 1028 14.247000 345 1028 14.348000 679 0 14.359000 556 0 14.338000 463 4 14.230000 480 1028 14.327000 540 1028 14.289000 
642 1400 64.526001 329 1412 14.384000 324 20 14.312000 762 1032 14.303000 231 20 14.244000 783 0 14.234000 319 4 14.284000 647 4 14.296000 490 0 14.277000 552 0 14.216000 405 4 14.317000 613 0 14.222000 345 0 14.273000 679 0 14.213000 555 1028 14.199000 463 0 14.237000 479 0 14.292000 540 0 14.293000 
478 1280 64.438004 141 1224 14.245000 316 1044 14.212000 768 0 14.246000 230 1028 14.247000 784 8 14.236000 320 0 14.276000 647 0 14.244000 489 1028 14.280000 551 1028 14.220000 403 0 14.280000 617 4 14.268000 345 0 14.248000 679 0 14.219000 557 8 14.257000 460 1032 14.218018 480 8 14.293000 542 8 14.220000 
624 220 64.346001 317 328 14.329000 315 12 14.268000 776 1028 14.307000 229 0 14.251000 778 1036 14.274000 313 1036 14.286000 641 1032 14.225000 491 4 14.272000 553 4 14.213000 403 0 14.226000 617 0 14.209000 345 0 14.306000 681 8 14.271000 554 0 14.387000 460 0 14.299000 480 0 14.262000 542 0 14.251000 
829 276 64.446999 553 380 14.250000 314 4 14.244000 773 1028 14.269000 229 0 14.250000 775 1028 14.223000 308 1032 14.243000 634 1032 14.317000 491 0 14.359000 554 0 14.343000 403 0 14.375000 617 0 14.287000 345 0 14.284000 682 0 14.285000 553 0 14.343000 460 0 14.271000 480 0 14.294000 542 0 14.357000 
829 1060 64.573997 598 1052 14.303000 312 1028 14.258000 771 1032 14.295000 230 0 14.328000 780 8 14.307000 316 16 14.266000 644 20 14.244000 489 1028 14.331000 552 1028 14.204000 404 0 14.309000 618 0 14.272000 345 0 14.337000 679 0 14.266000 556 4 14.282000 463 8 14.250000 479 1028 14.345000 540 1028 14.310000 
639 1352 64.536011 435 1324 14.327000 326 28 14.289000 761 1044 14.252000 240 20 14.281000 781 0 14.302000 326 16 14.561000 656 20 14.300000 489 0 14.400000 551 1028 14.243000 405 0 14.283000 615 0 14.259000 345 0 14.306000 679 0 14.247000 557 0 14.292000 465 0 14.268000 479 0 14.205000 539 1028 14.232000 
614 48 64.408997 301 1260 14.309000 332 4 14.220000 757 1028 14.277000 241 0 14.285000 780 0 14.198000 328 0 14.256000 658 4 14.235000 490 4 14.268000 551 1028 14.282000 409 8 14.334000 612 1028 14.260000 346 0 14.215000 679 0 14.227000 555 1028 14.282000 466 0 14.229000 477 1032 14.312000 539 0 14.249000 
665 84 64.551003 198 1192 14.374000 411 168 14.308000 788 44 14.216000 251 16 14.280000 787 12 14.275000 319 1036 14.312000 647 1036 14.258000 476 1040 14.272000 537 1048 14.267000 400 1040 14.263000 611 0 14.228000 344 1028 14.305000 665 1052 14.238000 553 0 14.297000 470 8 14.216000 470 1036 14.224000 539 0 14.305000 
667 0 64.537003 166 1060 14.363000 528 184 14.274000 803 12 14.317000 274 20 14.302002 781 1032 14.318000 319 0 14.279000 646 0 14.266000 464 1032 14.251000 529 1040 14.225000 398 1028 14.265000 611 0 14.296000 343 0 14.315000 663 1028 14.317000 556 4 14.259000 471 0 14.256000 472 0 14.322000 540 0 14.317000 
