325 692 282 731 411 614 359 676 484 538 354 674 264 748 638 406 484 533 
326 686 279 732 411 614 359 676 484 538 354 674 264 747 638 408 484 533 
327 683 279 732 411 614 359 676 484 538 354 674 264 747 638 409 484 533 
325 690 281 730 412 614 359 676 484 538 354 674 264 747 638 409 484 532 
344 660 277 740 412 619 359 678 488 538 361 669 271 741 635 411 484 532 
440 547 276 749 411 621 356 677 489 538 370 659 277 735 632 412 484 532 
503 482 276 749 411 620 356 677 489 538 370 661 280 735 627 418 484 531 
515 489 214 741 390 619 363 686 489 540 373 661 283 731 621 430 484 532 
515 485 132 676 346 609 370 695 490 544 376 661 287 728 617 439 484 533 
511 484 127 636 304 605 371 697 494 549 378 664 291 729 612 444 483 534 
500 482 129 674 290 650 356 683 496 552 379 657 299 729 602 444 481 534 
498 477 250 779 339 754 343 669 496 553 384 651 306 727 594 444 479 534 
497 484 356 875 381 820 338 663 496 552 386 647 311 720 589 445 479 534 
498 495 416 886 401 822 340 667 495 553 391 646 314 720 588 451 478 534 
520 500 297 807 301 741 352 682 496 553 394 645 318 718 586 456 477 534 
524 501 140 644 229 705 356 685 496 555 394 647 319 717 585 456 477 534 
501 490 122 587 216 692 352 678 497 557 394 644 320 717 583 455 477 536 
495 478 213 694 286 789 331 660 499 558 396 636 325 713 576 455 477 537 
495 479 352 842 340 830 330 656 496 556 395 635 326 706 573 457 475 536 
469 495 406 886 367 831 328 656 491 553 394 635 326 702 570 461 475 536 
485 500 339 826 313 761 349 682 494 555 401 641 332 703 569 473 475 536 
485 542 246 737 272 721 353 684 495 557 401 644 335 702 567 473 476 536 
470 548 247 746 272 725 352 682 497 556 408 631 338 696 568 473 476 537 
604 411 257 749 274 726 345 674 500 556 413 621 343 693 566 472 476 537 
785 247 273 749 273 729 334 663 501 557 413 618 344 691 565 468 478 540 
832 199 273 751 272 733 333 661 501 558 412 621 344 691 565 466 478 540 
844 202 244 751 250 731 333 663 500 558 411 623 344 691 564 466 478 541 
855 200 234 747 217 735 334 664 501 557 410 624 344 695 562 465 478 541 
873 320 234 748 207 728 336 668 499 557 402 638 343 696 561 465 478 541 
873 527 236 747 207 722 333 667 499 558 404 629 343 695 561 465 479 541 
869 582 236 752 209 725 333 667 499 558 404 627 343 695 561 465 479 541 
852 577 240 759 210 728 333 668 498 557 404 629 343 693 561 465 479 541 
710 576 245 771 209 734 334 668 495 555 402 627 341 689 562 465 478 540 
529 570 237 771 209 732 334 668 494 555 403 624 341 689 561 466 477 540 
491 537 211 796 189 758 331 667 496 557 405 618 343 691 559 466 476 540 
478 511 216 786 188 756 324 656 493 555 402 621 341 686 562 461 479 541 
486 525 353 663 213 723 322 653 492 555 401 618 340 685 561 461 478 541 
489 520 275 773 172 770 322 653 492 555 402 617 341 685 558 466 477 540 
485 531 243 781 172 755 322 652 491 554 401 618 340 685 561 464 478 542 
484 530 378 644 195 736 321 652 493 555 401 614 341 685 558 464 477 541 
489 523 286 773 160 779 319 651 491 554 403 614 342 685 557 466 477 540 
504 543 286 800 183 769 321 653 493 556 405 613 343 685 558 465 479 541 
694 607 311 787 188 759 310 639 498 559 409 609 346 686 554 464 478 541 
775 614 313 799 180 774 309 638 497 558 408 610 346 686 552 464 477 540 
779 612 287 854 160 791 310 641 495 557 406 611 346 685 552 464 479 540 
771 594 328 772 207 765 312 641 495 557 406 612 346 683 554 464 479 541 
776 588 376 732 244 772 312 641 496 558 408 612 346 683 553 464 479 541 
780 590 298 828 181 808 311 639 495 557 406 612 346 681 553 464 479 539 
771 583 364 723 245 770 315 643 491 553 405 612 346 679 553 464 479 541 
777 565 384 731 246 787 313 641 495 557 408 610 346 680 553 465 479 539 
777 544 316 802 215 789 314 643 492 553 408 610 348 679 553 465 478 539 
668 351 328 766 221 780 316 645 491 552 408 612 346 679 553 465 478 539 
493 159 323 761 222 780 318 647 491 552 405 612 346 679 554 464 479 540 
575 205 322 766 222 779 316 645 492 553 405 613 346 679 554 464 480 542 
812 450 321 765 220 778 309 635 494 554 403 614 346 679 553 461 481 542 
855 575 315 767 221 783 316 642 491 552 404 613 345 679 556 463 480 540 
642 329 324 762 231 783 319 647 490 552 405 613 345 679 555 463 479 540 
478 141 316 768 230 784 320 647 489 551 403 617 345 679 557 460 480 542 
624 317 315 776 229 778 313 641 491 553 403 617 345 681 554 460 480 542 
829 553 314 773 229 775 308 634 491 554 403 617 345 682 553 460 480 542 
829 598 312 771 230 780 316 644 489 552 404 618 345 679 556 463 479 540 
639 435 326 761 240 781 326 656 489 551 405 615 345 679 557 465 479 539 
614 301 332 757 241 780 328 658 490 551 409 612 346 679 555 466 477 539 
665 198 411 788 251 787 319 647 476 537 400 611 344 665 553 470 470 539 
667 166 528 803 274 781 319 646 464 529 398 611 343 663 556 471 472 540 
