156 871 290 674 420 589 354 664 496 561 498 518 476 526 480 538 521 515 
156 871 290 674 420 589 354 663 496 561 498 518 476 526 480 538 521 515
156 871 290 674 420 589 353 663 498 561 499 518 476 526 480 538 520 515
156 871 290 674 420 589 355 664 497 561 499 517 471 526 480 538 520 515
155 871 290 674 420 589 353 664 497 561 497 515 437 526 480 538 521 515
151 871 290 674 420 589 353 664 497 561 481 513 379 526 480 538 521 515
148 870 290 674 420 589 353 664 497 561 448 512 304 526 479 538 521 515
146 870 290 674 420 589 353 663 497 561 419 512 235 526 475 538 520 515
146 870 290 674 420 589 355 663 498 561 401 512 172 525 466 538 517 515
146 870 290 674 420 589 356 663 498 561 391 512 120 526 458 538 516 515
147 871 290 674 420 589 361 664 501 561 383 512 110 526 458 538 516 515
148 872 290 674 420 589 362 663 502 561 378 512 110 526 457 538 516 515
150 872 290 674 420 589 362 663 502 561 375 512 110 526 456 538 516 515
148 872 290 674 420 589 361 663 502 561 364 512 106 526 455 538 516 515
153 875 290 674 420 589 361 662 501 561 355 512 102 526 455 538 517 515
154 876 291 674 420 590 361 663 500 561 359 512 103 526 455 538 517 515
153 876 291 674 421 589 360 661 500 563 360 512 103 526 456 538 517 513
152 875 291 674 420 589 361 662 500 563 360 512 102 526 456 538 517 513
152 875 291 674 420 589 361 662 499 563 360 512 102 529 456 538 516 515
152 873 291 674 420 589 361 661 500 563 361 522 103 561 456 538 517 514
152 872 291 674 420 589 361 658 500 563 362 549 103 621 456 538 516 515
151 873 291 675 420 589 359 652 500 563 364 588 103 719 456 547 516 517
151 876 291 675 420 589 359 652 500 561 365 636 103 840 456 558 517 513
151 876 291 675 420 589 360 652 500 558 365 659 103 915 455 555 516 513
152 876 290 675 420 589 362 658 500 561 365 662 102 922 455 549 516 514
152 875 290 675 420 589 363 658 500 557 365 661 102 926 455 567 516 513
152 875 290 675 420 589 363 658 499 553 365 661 102 926 453 568 519 513
151 876 290 675 420 589 361 658 499 553 368 661 103 926 442 568 517 513
152 877 290 675 420 589 362 658 499 553 368 661 103 926 439 568 519 513
151 877 290 675 420 589 362 658 499 553 368 661 103 926 439 568 519 513
151 877 290 675 420 589 362 658 499 553 368 661 103 926 439 568 519 513
151 877 290 675 420 589 362 658 499 553 368 661 103 926 439 568 519 513
151 877 290 675 420 589 361 658 499 553 368 661 103 926 439 568 519 513
152 877 290 675 420 590 361 658 499 553 366 661 103 926 439 568 519 513
152 877 291 675 420 589 362 658 499 553 362 664 102 927 440 566 517 513
152 871 291 675 419 589 362 659 499 553 356 668 98 927 440 565 517 513
151 868 291 674 414 589 362 660 499 551 338 689 90 931 441 568 516 513
151 860 295 674 406 589 362 662 499 551 311 717 82 937 446 566 513 514
152 855 301 674 402 589 362 662 499 551 281 745 79 937 449 565 513 517
156 853 303 674 400 589 363 662 499 552 259 768 77 939 451 565 510 517
152 848 316 674 382 589 363 662 499 552 241 790 77 937 458 566 506 517
129 842 343 674 359 589 363 662 499 552 223 815 77 940 468 564 502 517
94 840 362 674 343 589 363 661 500 552 193 839 73 943 470 562 502 518
94 843 366 674 345 589 363 659 499 552 154 872 64 951 467 561 502 525
95 846 366 674 347 589 362 656 499 552 128 900 61 957 472 562 502 528
94 842 363 675 352 589 363 654 499 552 94 928 53 962 461 562 503 535
94 905 359 677 354 592 372 655 495 550 55 964 42 964 458 565 502 540
95 978 350 714 354 600 378 656 495 552 52 967 42 965 458 566 502 543
94 979 345 721 354 600 378 655 495 552 50 968 42 965 458 566 502 543
92 977 345 721 352 600 376 654 495 552 55 965 42 965 458 565 502 542
92 977 345 721 352 600 376 654 495 552 55 965 42 965 458 565 502 542
92 977 345 721 352 600 376 654 495 552 55 965 42 966 458 565 502 542
92 975 345 721 352 600 376 654 495 552 56 968 42 968 458 565 502 542
92 975 348 721 352 599 374 652 495 552 56 970 42 969 459 565 502 542
93 974 345 722 352 599 376 652 495 553 55 971 42 968 460 565 502 544
