337 0 14.313000 698 0 14.412000 306 0 14.276000 722 0 14.276000 417 0 14.285000 611 0 14.273000 361 0 14.260000 669 0 14.240000 490 0 14.292000 534 0 14.229000 385 0 14.300000 638 0 14.241000 281 0 14.332000 734 0 14.269000 640 0 14.266000 383 0 14.342000 486 0 14.265000 532 0 14.314000 
337 0 64.497009 698 0 14.294000 306 0 14.262000 722 0 14.294000 417 0 14.280000 611 0 14.261000 361 0 14.313000 669 0 14.265000 490 0 14.305000 534 0 14.240000 385 0 14.327000 638 0 14.270000 281 0 14.226000 734 0 14.228000 640 0 14.340000 383 0 14.307000 486 0 14.322000 532 0 14.345000 
336 0 64.408997 698 0 14.254000 306 0 14.320000 722 0 14.319000 417 0 14.360000 611 0 14.256000 361 0 14.377000 669 0 14.266000 490 0 14.279000 534 0 14.212000 385 0 14.301000 638 0 14.271000 281 0 14.250000 734 0 14.222000 640 0 14.270000 383 0 14.246000 486 0 14.304000 532 0 14.267000 
337 0 64.472000 698 0 14.344000 306 0 14.295000 722 0 14.310000 417 0 14.347000 611 0 14.275000 361 0 14.340000 669 0 14.255000 490 0 14.304000 534 0 14.281000 385 0 14.252000 638 0 14.232000 281 0 14.312000 734 0 14.261000 640 0 14.243000 383 0 14.206000 486 0 14.258000 532 0 14.264000 
336 1028 64.290001 698 0 14.251000 305 1028 14.249023 722 0 14.272000 417 0 14.194000 611 0 14.233000 361 0 14.247000 668 0 14.352000 490 0 14.333000 534 0 14.315000 385 0 14.373000 638 0 14.239000 281 0 14.352000 734 0 14.285000 640 0 14.315000 383 0 14.241000 486 0 14.293000 532 0 14.287000 
336 1028 64.387001 697 0 14.254000 303 1032 14.214000 723 4 14.279000 417 0 14.284000 612 0 14.226000 361 0 14.252000 668 0 14.249000 490 0 14.287000 534 0 14.235000 385 0 14.272000 637 1028 14.271000 282 0 14.312000 734 0 14.237000 639 1028 14.252000 383 0 14.281000 486 0 14.284000 531 1028 14.233000 
362 40 64.419998 659 1080 14.336000 302 0 14.247000 720 1032 14.278000 417 0 14.273000 612 0 14.282000 361 0 14.261000 669 0 14.246000 490 0 14.253000 534 0 14.241000 388 0 14.303000 633 1032 14.209000 282 0 14.325000 731 1028 14.233000 639 0 14.285000 385 4 14.272000 487 0 14.270000 530 0 14.229000 
430 100 64.425003 582 1148 14.286000 302 0 14.283000 708 1048 14.340000 417 0 14.348000 609 1032 14.316000 360 0 14.348000 669 0 14.305000 490 0 14.411011 534 0 14.226000 389 4 14.327000 632 1028 14.251000 283 4 14.282000 730 0 14.231000 638 1028 14.293000 386 0 14.259000 487 0 14.231000 530 1028 14.256000 
499 104 64.387001 520 1124 14.368000 304 0 14.234000 695 1040 14.255000 417 0 14.281000 608 1028 14.278000 360 0 14.222000 669 0 14.270000 490 0 14.262000 534 0 14.215000 389 4 14.309000 631 0 14.223000 283 0 14.293000 729 0 14.215000 638 0 14.315000 387 4 14.293000 487 0 14.377000 530 0 14.260000 
534 48 64.563004 483 1072 14.338000 275 1068 14.218000 694 8 14.283000 401 1036 14.314000 602 0 14.348000 360 0 14.266000 670 4 14.260000 490 0 14.267000 533 1028 14.320000 389 0 14.357000 631 0 14.247000 283 0 14.399000 729 0 14.269000 638 0 14.285000 387 0 14.255000 487 0 14.247000 530 0 14.278000 
557 44 64.519997 474 1044 14.329000 152 1240 14.314000 624 1164 14.366000 339 1120 14.377000 538 1132 14.261000 361 0 14.357000 672 4 14.303000 490 0 14.385000 533 0 14.274000 390 4 14.401000 631 0 14.283000 284 1028 14.277000 729 0 14.265015 637 0 14.336000 387 0 14.255000 487 0 14.321000 530 0 14.260000 
549 1044 64.515999 461 1040 14.367000 133 1052 14.284000 572 1088 14.369000 244 1180 14.316000 507 1072 14.301000 361 0 14.360000 671 1028 14.293000 490 0 14.399000 533 0 14.330000 390 0 14.383000 631 0 14.304000 284 0 14.352000 729 0 14.263000 637 0 14.320000 388 0 14.286000 486 1028 14.264000 531 0 14.346000 
527 1064 64.488998 458 0 14.367000 134 12 14.319000 580 16 14.367000 216 1080 14.350000 526 28 14.333000 355 1036 14.274000 663 1040 14.271000 490 0 14.360000 533 0 14.244000 389 0 14.318000 631 0 14.288000 284 0 14.307000 729 0 14.271000 638 0 14.339000 390 4 14.294000 486 0 14.344000 530 0 14.379000 
531 12 64.422997 456 0 14.394000 167 48 14.241000 633 88 14.344000 274 92 14.324000 592 116 14.255000 349 1032 14.291000 658 1032 14.234000 490 0 14.292000 533 0 14.226000 389 0 14.213000 631 4 14.236000 284 0 14.303000 729 0 14.214000 637 0 14.328000 390 0 14.292000 486 0 14.373000 530 0 14.310000 
534 4 64.513977 448 1036 14.325000 235 112 14.270000 716 128 14.212000 342 104 14.332000 698 168 14.258000 349 0 14.354000 656 0 14.240000 491 0 14.280000 534 4 14.260000 390 0 14.365000 631 0 14.254000 284 0 14.302000 729 0 14.279000 637 0 14.295000 390 0 14.236000 486 0 14.341000 530 0 14.317000 
534 0 64.397003 450 4 14.297000 315 128 14.266000 819 156 14.282000 420 120 14.280000 784 140 14.207000 346 1032 14.298000 654 1028 14.271000 491 0 14.273000 534 0 14.255000 390 0 14.268000 631 0 14.228000 285 4 14.308000 729 0 14.214000 636 0 14.300000 390 0 14.312000 486 0 14.328000 530 0 14.356000 
532 1028 64.396004 449 0 14.266000 408 144 14.266000 873 28 14.277000 493 112 14.255000 818 40 14.231000 346 0 14.230000 654 0 14.256000 491 0 14.251000 534 0 14.220000 390 0 14.348000 631 0 14.247000 285 0 14.324000 729 0 14.244000 635 0 14.269000 390 0 14.229000 486 0 14.232000 530 0 14.296000 
532 4 64.566002 449 0 14.295000 409 1068 14.414001 865 0 14.345000 491 1036 14.254000 794 1080 14.262000 354 12 14.306000 661 16 14.261000 490 1028 14.251000 535 0 14.266000 390 0 14.328000 631 0 14.219000 285 0 14.299000 727 1028 14.302000 635 0 14.290000 391 0 14.283000 487 0 14.354000 532 0 14.350000 
545 20 64.482002 449 0 14.253000 301 1208 14.270000 803 1112 14.277000 394 1188 14.335000 693 1188 14.286000 356 0 14.293000 663 0 14.290000 490 0 14.307000 535 0 14.238000 390 0 14.284000 631 0 14.236000 285 0 14.322000 727 0 14.254000 636 0 14.344000 391 0 14.274000 487 0 14.305000 532 0 14.270000 
556 20 64.475998 455 8 14.340000 166 1240 14.289000 710 1176 14.288000 312 1132 14.292000 609 1148 14.291000 356 0 14.302000 663 0 14.256000 490 0 14.323000 535 0 14.323000 390 0 14.384000 631 0 14.312000 285 0 14.410000 727 0 14.268000 636 1028 14.331000 391 0 14.298000 487 0 14.313000 532 0 14.269000 
550 1036 64.449997 456 0 14.368000 137 1044 14.282000 597 1200 14.313000 227 1164 14.378000 547 1128 14.316000 356 0 14.295000 663 0 14.268000 490 0 14.375977 535 0 14.272000 390 0 14.252000 631 0 14.277000 285 0 14.314000 727 0 14.319000 636 1028 14.385000 392 0 14.295000 487 0 14.342000 532 0 14.361000 
538 1044 64.448997 450 1036 14.342000 137 1028 14.317000 575 1064 14.296000 201 1076 14.307000 547 1028 14.278000 352 1032 14.313000 658 1028 14.323000 491 0 14.385000 535 0 14.279000 390 0 14.358000 631 0 14.318000 285 0 14.378000 727 0 14.301000 636 0 14.414000 392 0 14.286000 486 1028 14.361000 531 1028 14.274000 
537 0 64.519997 439 1040 14.328000 185 64 14.271000 643 124 14.285000 275 136 14.268000 646 184 14.278000 346 1028 14.286000 652 1028 14.280000 491 0 14.281000 535 0 14.257000 390 0 14.271000 631 0 14.223000 285 0 14.276000 727 0 14.234000 635 0 14.290000 392 0 14.295000 486 0 14.344000 531 0 14.275000 
530 1036 64.503998 430 1032 14.349000 283 152 14.238000 731 128 14.340000 356 120 14.298000 750 160 14.296000 345 0 14.296000 651 0 14.277000 491 0 14.305000 535 0 14.247000 391 0 14.296000 630 0 14.252000 285 0 14.343000 726 0 14.270996 635 0 14.329000 392 0 14.264000 487 0 14.313000 531 0 14.266000 
527 1028 64.572998 433 8 14.312000 366 128 14.271000 831 156 14.293000 423 108 14.325000 810 108 14.315000 346 0 14.253000 651 0 14.265000 491 0 14.269000 535 0 14.268000 392 0 14.310000 627 1028 14.263000 285 0 14.286000 723 0 14.243000 632 1028 14.287000 392 0 14.231000 487 0 14.246000 531 0 14.290000 
526 0 64.411003 428 0 14.278000 446 140 14.278000 882 44 14.335000 468 56 14.320000 818 0 14.347000 348 0 14.313000 652 0 14.296000 491 0 14.401000 535 0 14.255000 392 0 14.351000 627 0 14.290000 285 0 14.346000 723 0 14.273000 632 0 14.371000 392 0 14.291000 487 0 14.354000 531 0 14.279000 
531 8 64.446999 433 20 14.346000 430 1072 14.317000 874 1044 14.362000 444 1056 14.348000 780 1084 14.297000 353 8 14.304000 658 12 14.238000 490 0 14.307000 535 0 14.291000 391 0 14.301000 629 4 14.257000 285 0 14.398000 723 0 14.279000 634 0 14.307000 394 4 14.242000 486 1028 14.223000 531 0 14.251000 
533 16 64.484985 502 112 14.226000 342 1172 14.283000 847 1068 14.322000 359 1164 14.253000 716 1132 14.219000 355 4 14.255000 659 0 14.228000 490 0 14.382000 534 0 14.317000 389 1032 14.415000 630 4 14.286000 285 0 14.276000 725 0 14.249000 634 0 14.341000 394 0 14.287000 486 0 14.262000 532 4 14.285000 
479 1140 64.502998 590 128 14.352000 266 1140 14.344000 830 1040 14.307000 306 1100 14.310000 691 1048 14.242000 354 0 14.338000 656 1028 14.263000 490 0 14.274000 534 0 14.225000 390 0 14.282000 630 1028 14.249000 285 0 14.341000 725 0 14.299000 634 1028 14.297000 394 0 14.839000 486 0 14.259000 532 0 14.205000 
454 1040 64.441002 616 20 14.235000 210 1104 14.274000 819 1036 14.368000 261 1104 14.265000 695 1028 14.242000 353 0 14.301000 659 8 14.312000 490 0 14.330000 534 0 14.316000 392 4 14.417000 626 1028 14.309000 286 0 14.358000 722 0 14.306000 632 1028 14.348000 395 0 14.330000 487 4 14.387000 531 1028 14.316000 
476 56 64.527000 583 1080 14.375000 170 1108 14.347000 826 1028 14.226013 215 1084 14.251000 709 24 14.204000 352 1028 14.288000 656 1028 14.274000 492 0 14.260000 535 0 14.281000 396 8 14.347000 623 1028 14.314000 292 8 14.355000 720 0 14.294000 628 1028 14.288000 397 0 14.262000 487 0 14.406000 532 0 14.309000 
458 1064 64.501999 576 36 14.274000 176 12 14.261000 833 8 14.297000 206 1032 14.237000 742 56 14.252000 345 1036 14.287000 651 1040 14.240000 492 0 14.233000 536 0 14.251000 396 0 14.286000 624 0 14.341000 292 0 14.347000 720 0 14.294000 628 0 14.358000 397 0 14.269000 487 0 14.309000 532 0 14.242000 
435 1052 64.476997 591 20 14.346000 173 1028 14.285000 836 1032 14.312000 203 0 14.309000 755 20 14.277000 345 4 14.253000 649 4 14.312000 491 1028 14.231000 536 0 14.257000 395 0 14.292000 624 0 14.306000 292 0 14.236000 719 1028 14.236000 628 0 14.311000 397 0 14.272000 486 0 14.253000 531 1028 14.291000 
454 16 64.335999 572 1040 14.227000 163 1044 14.210000 838 4 14.217000 202 1028 14.207000 758 8 14.268000 344 0 14.257000 650 0 14.244000 492 4 14.263977 536 0 14.219000 400 4 14.242000 619 1032 14.275000 294 4 14.297000 716 1028 14.230000 628 0 14.249000 400 8 14.238000 487 4 14.329000 531 0 14.226000 
561 196 64.432999 466 1228 14.400000 165 8 14.281000 838 0 14.233000 198 1032 14.321000 759 4 14.263000 343 0 14.273000 649 1028 14.241000 492 0 14.262000 536 0 14.218000 403 4 14.250000 613 1028 14.309000 299 8 14.333000 710 1032 14.287000 625 1028 14.358000 404 4 14.314000 487 0 14.262000 530 1028 14.349000 
666 176 64.457001 362 1180 14.253000 174 20 14.254000 833 0 14.305000 194 1028 14.284000 755 1040 14.225000 342 1028 14.272000 647 1028 14.219000 492 0 14.198000 536 0 14.196000 403 0 14.285000 612 0 14.222000 299 0 14.261000 708 1028 14.206000 625 0 14.251000 405 0 14.205000 486 1028 14.293000 531 4 14.247000 
666 1032 64.425003 348 1036 14.280000 176 0 14.224000 839 16 14.257000 193 0 14.274000 758 8 14.180000 343 0 14.259000 645 0 14.243000 491 0 14.297000 536 0 14.240000 401 1028 14.286000 614 4 14.300000 299 0 14.385000 708 0 14.282000 625 0 14.406006 405 0 14.294000 486 0 14.370000 532 0 14.252000 
644 1084 64.542000 372 68 14.360000 169 0 14.287000 833 1032 14.317000 197 8 14.298000 753 1036 14.307000 342 1028 14.249000 645 0 14.238000 492 4 14.314000 536 0 14.294000 391 1032 14.330000 622 4 14.235000 298 0 14.253000 710 0 14.257000 626 1028 14.256000 405 0 14.213000 487 4 14.260000 533 4 14.333000 
561 1160 64.405998 426 80 14.289000 245 156 14.205000 745 1172 14.226000 224 52 14.294000 736 1056 14.323000 342 0 14.324000 645 1028 14.276000 492 0 14.363000 536 0 14.238000 384 1036 14.409000 626 4 14.266000 296 0 14.239000 711 0 14.279000 626 0 14.263000 405 0 14.214000 487 0 14.301000 533 0 14.286000 
503 1132 64.474998 490 108 14.355000 354 156 14.339000 629 1192 14.305000 247 48 14.314000 711 1060 14.261000 343 0 14.225000 642 1028 14.307000 492 0 14.284000 537 4 14.266000 386 8 14.375000 624 1028 14.280000 295 0 14.309000 711 0 14.300000 627 0 14.363000 405 0 14.315000 486 1028 14.359000 533 0 14.334000 
488 1064 64.526001 525 52 14.266000 466 168 14.302000 531 1168 14.291000 300 80 14.297000 667 1092 14.263000 341 1028 14.327000 639 1028 14.323000 492 0 14.261000 537 0 14.211000 386 0 14.305000 624 0 14.243000 295 1028 14.360000 711 0 14.319000 627 0 14.341000 405 0 14.333000 486 0 14.387000 533 0 14.321000 
453 1088 64.475998 543 28 14.340000 548 128 14.285000 460 1136 14.278000 343 68 14.280000 609 1112 14.225000 340 0 14.300000 638 1028 14.223000 492 0 14.316000 538 4 14.231000 389 8 14.328000 624 0 14.222000 295 0 14.254000 711 0 14.233000 628 4 14.256000 405 0 14.224000 486 0 14.255000 533 0 14.271000 
442 1040 64.509003 543 0 14.395000 593 72 14.309000 435 1044 14.299000 378 48 14.323000 584 1044 14.326000 336 1028 14.307000 636 0 14.301000 492 0 14.369000 539 0 14.258000 390 0 14.220000 623 0 14.258000 294 0 14.348000 711 0 14.264000 629 0 14.381000 405 0 14.256000 486 0 14.307000 533 0 14.286000 
445 0 64.383003 541 1032 14.276000 595 1032 14.260000 438 4 14.325989 381 1028 14.239000 585 0 14.306000 336 4 14.512000 636 0 14.297000 492 1028 14.339000 539 0 14.249000 390 0 14.307000 622 1028 14.260000 294 0 14.339000 710 0 14.271000 629 0 14.346000 405 0 14.288000 487 0 14.365000 532 1028 14.246000 
469 48 64.432999 509 1076 14.308000 589 1040 14.231000 467 52 14.242000 373 1036 14.238000 605 40 14.272000 336 0 14.320000 637 4 14.254000 493 0 14.262000 539 0 14.243000 395 8 14.292000 613 1044 14.300000 295 0 14.391000 706 1028 14.290000 628 0 14.359000 408 8 14.242000 487 0 14.253000 531 0 14.354000 
573 168 64.566002 380 1236 14.413000 564 1060 14.278000 514 76 14.334000 359 1040 14.287000 630 44 14.254000 338 0 14.276000 637 0 14.272000 491 0 14.279000 539 0 14.286000 399 4 14.295000 612 0 14.255000 295 0 14.319000 705 0 14.278000 628 0 14.309000 409 0 14.245000 486 0 14.256000 531 0 14.211000 
685 164 64.505997 245 1228 14.288000 542 1056 14.236000 539 32 14.293000 351 1032 14.307000 655 36 14.239000 336 1028 14.303000 636 1028 14.264000 492 4 14.348022 540 0 14.281000 399 0 14.345000 612 0 14.277000 295 0 14.267000 704 1028 14.255000 628 0 14.322000 411 4 14.265000 486 1028 14.339000 532 4 14.319000 
755 108 64.434998 170 1124 14.352000 539 1028 14.241000 541 8 14.270000 349 0 14.337000 662 12 14.263000 335 0 14.316000 633 1032 14.299000 492 0 14.325000 540 1028 14.265000 394 1036 14.239000 613 4 14.232000 295 0 14.294000 704 0 14.264000 627 1028 14.296000 411 0 14.259000 486 0 14.406000 532 0 14.252000 
765 1028 64.491997 179 8 14.347000 525 1028 14.292000 555 40 14.285000 326 1096 14.365000 681 56 14.259000 333 1028 14.233000 630 1028 14.264000 492 0 14.316000 541 4 14.234000 394 0 14.278000 613 0 14.214000 295 0 14.279000 704 0 14.216000 627 0 14.271000 411 0 14.231000 486 0 14.232000 532 0 14.244000 
797 48 64.421997 200 24 14.223000 439 1168 14.231000 634 124 14.264000 249 1132 14.294000 750 112 14.258000 333 0 14.297000 630 0 14.329000 492 0 14.380000 541 0 14.325000 394 0 14.345000 613 0 14.287000 295 0 14.298000 704 1028 14.289000 627 0 14.338989 411 0 14.255000 486 0 14.386000 532 0 14.257000 
818 32 64.432999 200 0 14.363000 354 1156 14.256000 714 120 14.288000 203 1096 14.260000 804 88 14.341000 334 4 14.396000 630 0 14.246000 492 0 14.278000 541 0 14.311000 394 0 14.257000 613 0 14.240000 295 0 14.238000 704 0 14.242000 627 0 14.265000 411 0 14.273000 486 0 14.293000 532 0 14.324000 
837 40 64.376999 199 1028 14.284000 304 1104 14.294000 743 28 14.279000 186 1040 14.306000 819 8 14.344000 334 0 14.294000 630 0 14.277000 492 0 14.385000 541 0 14.297000 394 0 14.367000 613 0 14.293000 295 0 14.317000 704 0 14.297000 627 0 14.360000 411 0 14.305000 486 0 14.405000 532 0 14.319000 
841 4 64.510002 201 1032 14.343000 299 0 14.294000 740 1028 14.303000 186 4 14.260000 818 1028 14.246000 334 4 14.314000 630 0 14.254000 492 0 14.257000 540 1028 14.338000 392 1028 14.294000 617 12 14.252000 295 0 14.339000 705 4 14.316000 627 0 14.342000 411 0 14.261000 486 0 14.278000 533 0 14.257000 
863 40 64.382996 306 180 14.259000 293 1036 14.197000 745 0 14.291000 186 0 14.369000 817 0 14.310000 334 1028 14.392000 630 0 14.283000 492 0 14.251000 540 0 14.291000 386 1032 14.403000 621 8 14.369000 295 0 14.311000 708 4 14.310000 628 4 14.408000 410 1028 14.337000 486 0 14.241000 533 0 14.196000 
874 20 64.389000 471 276 14.326000 286 1040 14.256000 745 4 14.219000 187 4 14.277000 817 4 14.273000 334 0 14.257000 630 0 14.227000 492 0 14.293000 540 0 14.263000 389 4 14.387000 621 0 14.242000 295 0 14.271000 708 0 14.298000 628 0 14.276000 410 0 14.325000 486 0 14.342000 533 0 14.264000 
871 0 64.339996 522 40 14.256000 283 1028 14.256000 748 4 14.227000 187 0 14.230000 826 24 14.243000 334 1028 14.277000 630 0 14.195000 492 0 14.245000 540 0 14.222000 390 0 14.339000 619 1028 14.274000 295 0 14.300000 706 0 14.240000 628 0 14.270000 411 4 14.259000 486 0 14.301000 533 0 14.307000 
849 1048 64.514999 508 1036 14.391000 283 0 14.360000 763 36 14.401978 194 4 14.266000 831 16 14.255000 335 0 14.286000 631 0 14.290000 491 1028 14.289000 540 0 14.237000 391 0 14.357000 619 0 14.244000 295 0 14.297000 705 1028 14.306000 629 0 14.275000 411 0 14.275000 487 4 14.307000 533 0 14.293000 
729 1200 64.476997 387 1208 14.318000 293 20 14.284000 743 1056 14.289000 210 20 14.295000 825 1040 14.315000 339 4 14.343000 636 4 14.275000 491 0 14.300000 540 0 14.282000 392 0 14.258000 618 0 14.233000 295 0 14.302000 705 0 14.229000 629 0 14.316000 411 0 14.216000 486 0 14.262000 533 0 14.278000 
596 1224 64.375999 257 1200 14.230000 288 1036 14.228000 731 1036 14.286000 211 0 14.273000 821 0 14.269000 339 0 14.245000 635 1028 14.223000 491 0 14.248000 540 0 14.248000 392 0 14.268000 618 0 14.262000 294 0 14.372000 705 0 14.312000 629 0 14.387000 411 0 14.313000 486 0 14.441000 533 0 14.314000 
497 1192 64.494003 181 1140 14.308000 273 1048 14.308000 731 0 14.304000 211 0 14.278000 820 0 14.283000 339 0 14.230000 635 0 14.264000 491 0 14.296000 540 0 14.234009 393 0 14.211000 618 0 14.235000 294 0 14.325000 705 0 14.227000 629 0 14.298000 411 0 14.208000 486 0 14.235000 533 0 14.237000 
516 1032 64.433998 216 16 14.246000 271 1036 14.233000 731 1028 14.287000 212 4 14.250000 821 1028 14.277000 336 1028 14.281000 631 1028 14.230000 492 0 14.261000 540 0 14.236000 393 0 14.287000 618 0 14.235000 294 0 14.288000 705 0 14.227000 629 0 14.286000 411 0 14.237000 486 0 14.293000 533 0 14.271000 
656 224 64.571999 348 188 14.374000 271 1036 14.272000 728 1028 14.278000 212 0 14.317000 816 1028 14.314000 336 0 14.238000 631 4 14.295000 492 0 14.409000 540 0 14.329000 393 0 14.385000 618 0 14.278000 295 4 14.340000 705 0 14.234000 629 0 14.312000 411 0 14.282000 486 0 14.251000 533 0 14.289000 
690 44 64.499001 376 8 14.329000 235 1096 14.304000 751 32 14.222000 201 1040 14.246000 821 16 14.246000 339 4 14.309000 634 4 14.279000 491 0 14.283000 540 0 14.291000 393 0 14.361000 618 0 14.273000 294 1028 14.319000 705 0 14.306000 629 0 14.344971 411 0 14.311000 487 0 14.415000 533 0 14.309000 
