337 698 306 722 417 611 361 669 490 534 385 638 281 734 640 383 486 532 
337 698 306 722 417 611 361 669 490 534 385 638 281 734 640 383 486 532 
336 698 306 722 417 611 361 669 490 534 385 638 281 734 640 383 486 532 
337 698 306 722 417 611 361 669 490 534 385 638 281 734 640 383 486 532 
336 698 305 722 417 611 361 668 490 534 385 638 281 734 640 383 486 532 
336 697 303 723 417 612 361 668 490 534 385 637 282 734 639 383 486 531 
362 659 302 720 417 612 361 669 490 534 388 633 282 731 639 385 487 530 
430 582 302 708 417 609 360 669 490 534 389 632 283 730 638 386 487 530 
499 520 304 695 417 608 360 669 490 534 389 631 283 729 638 387 487 530 
534 483 275 694 401 602 360 670 490 533 389 631 283 729 638 387 487 530 
557 474 152 624 339 538 361 672 490 533 390 631 284 729 637 387 487 530 
549 461 133 572 244 507 361 671 490 533 390 631 284 729 637 388 486 531 
527 458 134 580 216 526 355 663 490 533 389 631 284 729 638 390 486 530 
531 456 167 633 274 592 349 658 490 533 389 631 284 729 637 390 486 530 
534 448 235 716 342 698 349 656 491 534 390 631 284 729 637 390 486 530 
534 450 315 819 420 784 346 654 491 534 390 631 285 729 636 390 486 530 
532 449 408 873 493 818 346 654 491 534 390 631 285 729 635 390 486 530 
532 449 409 865 491 794 354 661 490 535 390 631 285 727 635 391 487 532 
545 449 301 803 394 693 356 663 490 535 390 631 285 727 636 391 487 532 
556 455 166 710 312 609 356 663 490 535 390 631 285 727 636 391 487 532 
550 456 137 597 227 547 356 663 490 535 390 631 285 727 636 392 487 532 
538 450 137 575 201 547 352 658 491 535 390 631 285 727 636 392 486 531 
537 439 185 643 275 646 346 652 491 535 390 631 285 727 635 392 486 531 
530 430 283 731 356 750 345 651 491 535 391 630 285 726 635 392 487 531 
527 433 366 831 423 810 346 651 491 535 392 627 285 723 632 392 487 531 
526 428 446 882 468 818 348 652 491 535 392 627 285 723 632 392 487 531 
531 433 430 874 444 780 353 658 490 535 391 629 285 723 634 394 486 531 
533 502 342 847 359 716 355 659 490 534 389 630 285 725 634 394 486 532 
479 590 266 830 306 691 354 656 490 534 390 630 285 725 634 394 486 532 
454 616 210 819 261 695 353 659 490 534 392 626 286 722 632 395 487 531 
476 583 170 826 215 709 352 656 492 535 396 623 292 720 628 397 487 532 
458 576 176 833 206 742 345 651 492 536 396 624 292 720 628 397 487 532 
435 591 173 836 203 755 345 649 491 536 395 624 292 719 628 397 486 531 
454 572 163 838 202 758 344 650 492 536 400 619 294 716 628 400 487 531 
561 466 165 838 198 759 343 649 492 536 403 613 299 710 625 404 487 530 
666 362 174 833 194 755 342 647 492 536 403 612 299 708 625 405 486 531 
666 348 176 839 193 758 343 645 491 536 401 614 299 708 625 405 486 532 
644 372 169 833 197 753 342 645 492 536 391 622 298 710 626 405 487 533 
561 426 245 745 224 736 342 645 492 536 384 626 296 711 626 405 487 533 
503 490 354 629 247 711 343 642 492 537 386 624 295 711 627 405 486 533 
488 525 466 531 300 667 341 639 492 537 386 624 295 711 627 405 486 533 
453 543 548 460 343 609 340 638 492 538 389 624 295 711 628 405 486 533 
442 543 593 435 378 584 336 636 492 539 390 623 294 711 629 405 486 533 
445 541 595 438 381 585 336 636 492 539 390 622 294 710 629 405 487 532 
469 509 589 467 373 605 336 637 493 539 395 613 295 706 628 408 487 531 
573 380 564 514 359 630 338 637 491 539 399 612 295 705 628 409 486 531 
685 245 542 539 351 655 336 636 492 540 399 612 295 704 628 411 486 532 
755 170 539 541 349 662 335 633 492 540 394 613 295 704 627 411 486 532 
765 179 525 555 326 681 333 630 492 541 394 613 295 704 627 411 486 532 
797 200 439 634 249 750 333 630 492 541 394 613 295 704 627 411 486 532 
818 200 354 714 203 804 334 630 492 541 394 613 295 704 627 411 486 532 
837 199 304 743 186 819 334 630 492 541 394 613 295 704 627 411 486 532 
841 201 299 740 186 818 334 630 492 540 392 617 295 705 627 411 486 533 
863 306 293 745 186 817 334 630 492 540 386 621 295 708 628 410 486 533 
874 471 286 745 187 817 334 630 492 540 389 621 295 708 628 410 486 533 
871 522 283 748 187 826 334 630 492 540 390 619 295 706 628 411 486 533 
849 508 283 763 194 831 335 631 491 540 391 619 295 705 629 411 487 533 
729 387 293 743 210 825 339 636 491 540 392 618 295 705 629 411 486 533 
596 257 288 731 211 821 339 635 491 540 392 618 294 705 629 411 486 533 
497 181 273 731 211 820 339 635 491 540 393 618 294 705 629 411 486 533 
516 216 271 731 212 821 336 631 492 540 393 618 294 705 629 411 486 533 
656 348 271 728 212 816 336 631 492 540 393 618 295 705 629 411 486 533 
690 376 235 751 201 821 339 634 491 540 393 618 294 705 629 411 487 533 
