367 650 238 808 472 499 366 670 499 531 395 627 279 741 640 383 489 531 
367 651 238 808 472 499 366 670 499 531 395 627 279 741 640 383 489 531 
367 651 238 808 472 499 366 670 499 531 395 627 279 741 640 383 489 531 
368 650 239 810 472 499 366 670 499 531 395 627 279 741 640 383 489 531 
379 646 236 813 471 501 366 669 499 531 395 627 279 741 640 383 489 531 
433 597 222 830 467 507 365 668 497 530 395 627 279 741 640 383 489 531 
481 537 209 845 465 512 366 668 497 530 395 627 279 741 640 383 489 531 
508 513 204 865 465 523 366 668 497 530 395 627 279 741 640 383 489 531 
513 510 207 874 466 528 366 668 497 530 395 627 279 741 640 383 489 531 
516 512 246 893 476 556 363 664 497 529 395 627 279 741 640 383 489 531 
523 520 325 899 498 622 360 660 497 529 395 627 279 741 640 383 489 531 
536 526 399 903 517 701 358 659 495 528 395 627 279 741 640 383 489 531 
546 542 450 905 533 749 359 660 495 528 395 627 279 741 640 383 489 531 
547 569 492 904 541 772 361 660 495 528 395 627 279 741 640 383 489 531 
546 566 481 895 531 756 370 666 495 529 395 627 279 741 640 383 489 531 
542 546 418 856 477 707 373 667 497 529 395 627 279 741 640 383 489 531 
531 526 350 815 416 658 373 667 497 530 395 627 279 741 640 383 489 531 
515 514 291 773 370 619 373 667 497 530 395 627 279 741 640 383 489 531 
502 502 221 728 319 577 373 667 497 531 395 627 279 741 640 383 489 531 
500 494 159 688 291 542 374 667 497 533 395 627 279 741 640 383 489 531 
490 492 129 641 286 501 374 667 496 534 395 627 279 741 640 383 489 531 
482 496 124 613 286 473 372 668 497 536 395 627 279 741 640 383 489 531 
477 499 124 610 286 469 371 667 497 539 395 627 279 741 640 383 489 531 
486 498 136 636 302 481 364 664 496 538 395 627 279 741 640 383 489 531 
500 497 198 702 360 516 359 661 496 538 395 627 279 741 640 383 489 531 
504 499 271 799 410 558 352 659 496 537 395 627 279 741 640 383 489 531 
506 506 342 880 443 592 351 658 495 536 395 627 279 741 640 383 489 531 
515 525 418 897 474 637 351 658 495 536 395 627 279 741 640 383 489 531 
522 534 472 899 499 694 350 658 493 535 395 627 279 741 640 383 489 531 
523 538 504 896 511 699 355 663 490 535 395 627 279 741 640 383 489 531 
516 529 515 862 522 676 363 669 490 538 395 627 279 741 640 383 489 531 
503 515 484 834 515 658 374 676 490 539 395 627 279 741 640 383 489 531 
502 507 402 812 481 638 378 677 492 539 395 627 279 741 640 383 489 531 
506 506 379 805 477 632 375 675 493 538 395 627 279 741 640 383 489 531 
506 512 413 845 498 650 371 670 493 537 395 627 279 741 640 383 489 531 
509 531 467 896 519 679 366 667 491 536 395 627 279 741 640 383 489 531 
511 551 513 898 529 702 366 667 491 535 395 627 279 741 640 383 489 531 
509 553 510 895 525 699 372 669 493 536 395 627 279 741 640 383 489 531 
508 546 461 867 495 672 379 672 495 538 395 627 279 741 640 383 489 531 
508 534 366 807 441 619 380 672 496 538 395 627 279 741 640 383 489 531 
504 526 267 746 393 568 378 674 498 540 395 627 279 741 640 383 489 531 
489 526 173 688 368 522 379 674 501 540 395 627 279 741 640 383 489 531 
469 532 120 635 346 480 380 674 506 544 395 627 279 741 640 383 489 531 
443 541 119 605 332 460 378 672 506 544 395 627 279 741 640 383 489 531 
436 545 121 624 337 464 374 670 506 544 395 627 279 741 640 383 489 531 
437 545 142 677 381 488 370 667 504 543 395 627 279 741 640 383 489 531 
443 544 196 748 441 517 363 663 504 542 395 627 279 741 640 383 489 531 
462 544 275 842 497 550 361 663 504 542 395 627 279 741 640 383 489 531 
470 554 348 898 543 586 359 661 504 541 395 627 279 741 640 383 489 531 
476 560 420 900 572 636 353 660 500 540 395 627 279 741 640 383 489 531 
476 561 455 900 577 664 353 661 500 540 395 627 279 741 640 383 489 531 
475 560 450 899 573 666 359 664 500 540 395 627 279 741 640 383 489 531 
475 555 414 887 563 647 369 670 502 541 395 627 279 741 640 383 489 531 
476 534 341 844 535 608 376 672 504 543 395 627 279 741 640 383 489 531 
478 521 257 791 493 569 376 672 506 543 395 627 279 741 640 383 489 531 
485 513 168 735 445 530 376 672 506 542 395 627 279 741 640 383 489 531 
477 511 118 687 374 486 376 671 505 542 395 627 279 741 640 383 489 531 
475 515 117 647 315 451 375 671 506 542 395 627 279 741 640 383 489 531 
475 518 119 624 306 440 376 671 506 543 395 627 279 741 640 383 489 531 
474 520 121 629 306 449 374 670 508 541 395 627 279 741 640 383 489 531 
480 518 126 664 305 473 372 669 507 541 395 627 279 741 640 383 489 531 
495 518 142 703 303 493 371 668 507 541 395 627 279 741 640 383 489 531 
498 518 156 717 303 494 371 668 506 541 395 627 279 741 640 383 489 531 
498 521 151 696 303 485 375 670 507 541 395 627 279 741 640 383 489 531 
491 524 130 641 301 468 381 674 508 544 395 627 279 741 640 383 489 531 
476 528 126 566 301 457 384 675 511 549 395 627 279 741 640 383 489 531 
463 530 125 521 300 457 384 675 514 553 395 627 279 741 640 383 489 531 
459 528 125 517 301 457 382 674 515 552 395 627 279 741 640 383 489 531 
458 527 127 521 301 459 378 670 514 551 395 627 279 741 640 383 489 531 
458 526 146 553 310 479 373 664 514 549 395 627 279 741 640 383 489 531 
459 533 188 627 327 511 364 656 515 549 395 627 279 741 640 383 489 531 
459 547 226 716 342 535 361 654 515 549 395 627 279 741 640 383 489 531 
453 564 229 796 343 558 362 654 514 548 395 627 279 741 640 383 489 531 
437 573 207 839 324 571 364 654 513 545 395 627 279 741 640 383 489 531 
418 590 201 855 301 586 364 654 513 545 395 627 279 741 640 383 489 531 
390 616 211 862 290 601 364 654 515 547 395 627 279 741 640 383 489 531 
386 631 231 863 287 608 365 654 515 547 395 627 279 741 640 383 489 531 
389 638 239 861 289 610 366 654 516 547 395 627 279 741 640 383 489 531 
406 618 246 862 289 610 366 655 517 547 395 627 279 741 640 383 489 531 
459 563 253 862 290 610 366 654 520 549 395 627 279 741 640 383 489 531 
523 496 250 869 289 612 366 654 521 550 395 627 279 741 640 383 489 531 
568 451 243 870 285 613 371 656 522 552 395 627 279 741 640 383 489 531 
608 411 238 865 285 610 380 658 522 554 395 627 279 741 640 383 489 531 
641 375 231 848 282 610 385 660 524 557 395 627 279 741 640 383 489 531 
684 338 224 836 272 612 385 660 525 557 395 627 279 741 640 383 489 531 
720 305 228 841 274 620 383 659 525 555 395 627 279 741 640 383 489 531 
743 284 233 848 274 632 382 663 525 554 395 627 279 741 640 383 489 531 
748 274 237 852 273 645 382 669 529 555 395 627 279 741 640 383 489 531 
728 297 237 854 272 653 380 671 534 563 395 627 279 741 640 383 489 531 
657 378 240 848 272 652 376 671 541 571 395 627 279 741 640 383 489 531 
564 464 275 809 284 646 376 671 546 576 395 627 279 741 640 383 489 531 
476 549 325 753 305 637 379 671 544 575 395 627 279 741 640 383 489 531 
420 621 384 684 333 613 380 672 539 572 395 627 279 741 640 383 489 531 
409 649 436 620 365 590 380 674 537 571 395 627 279 741 640 383 489 531 
409 652 485 574 399 572 379 674 537 570 395 627 279 741 640 383 489 531 
408 651 508 539 417 561 379 674 531 564 395 627 279 741 640 383 489 531 
408 651 516 525 426 556 378 672 522 557 395 627 279 741 640 383 489 531 
409 651 513 528 425 558 379 674 520 556 395 627 279 741 640 383 489 531 
409 651 513 528 425 558 381 676 518 556 395 627 279 741 640 383 489 531 
419 640 503 539 421 558 380 677 517 556 395 627 279 741 640 383 489 531 
485 587 487 555 420 558 379 675 518 557 395 627 279 741 640 383 489 531 
560 488 472 574 419 558 380 674 518 557 395 627 279 741 640 383 489 531 
561 488 470 577 419 561 380 674 520 558 395 627 279 741 640 383 489 531 
565 472 447 600 409 583 380 674 520 558 395 627 279 741 640 383 489 531 
620 410 431 616 408 604 376 671 520 558 395 627 279 741 640 383 489 531 
710 301 411 634 395 625 376 667 520 558 395 627 279 741 640 383 489 531 
789 211 395 643 379 644 372 656 520 556 395 627 279 741 640 383 489 531 
822 157 404 633 364 655 369 647 519 558 395 627 279 741 640 383 489 531 
827 129 437 596 335 664 368 643 518 557 395 627 279 741 640 383 489 531 
829 116 460 574 290 676 365 639 517 556 395 627 279 741 640 383 489 531 
826 115 471 570 286 676 359 635 514 556 395 627 279 741 640 383 489 531 
826 116 472 569 286 675 368 649 513 555 395 627 279 741 640 383 489 531 
828 120 462 576 280 685 380 666 513 555 395 627 279 741 640 383 489 531 
839 128 408 620 227 720 393 684 513 556 395 627 279 741 640 383 489 531 
839 136 353 668 194 747 414 708 515 558 395 627 279 741 640 383 489 531 
842 141 324 704 180 767 434 722 517 563 395 627 279 741 640 383 489 531 
848 156 304 746 170 785 434 720 520 564 395 627 279 741 640 383 489 531 
848 182 305 770 171 796 434 719 520 564 395 627 279 741 640 383 489 531 
858 190 308 772 171 797 433 718 519 564 395 627 279 741 640 383 489 531 
934 192 312 772 179 798 425 702 520 564 395 627 279 741 640 383 489 531 
1002 199 323 772 185 800 404 677 524 565 395 627 279 741 640 383 489 531 
1023 247 339 768 189 802 373 649 528 567 395 627 279 741 640 383 489 531 
1023 308 356 759 190 802 350 628 528 567 395 627 279 741 640 383 489 531 
1023 346 375 751 190 802 341 619 527 566 395 627 279 741 640 383 489 531 
1023 391 384 751 188 806 336 616 527 566 395 627 279 741 640 383 489 531 
629 458 386 753 187 806 335 616 528 565 395 627 279 741 640 383 489 531 
1023 478 386 755 186 808 340 619 528 565 395 627 279 741 640 383 489 531 
1019 405 392 755 185 806 351 633 528 566 395 627 279 741 640 383 489 531 
897 313 392 762 185 809 375 663 532 567 395 627 279 741 640 383 489 531 
775 286 392 777 185 809 401 693 544 575 395 627 279 741 640 383 489 531 
661 282 389 785 185 809 421 712 550 580 395 627 279 741 640 383 489 531 
554 295 370 792 179 808 427 717 552 580 395 627 279 741 640 383 489 531 
476 319 350 792 178 806 417 705 553 582 395 627 279 741 640 383 489 531 
457 325 332 793 168 807 390 672 552 583 395 627 279 741 640 383 489 531 
459 339 249 812 159 810 362 642 551 582 395 627 279 741 640 383 489 531 
457 368 177 836 166 815 341 621 550 582 395 627 279 741 640 383 489 531 
454 375 180 820 172 810 322 605 550 582 395 627 279 741 640 383 489 531 
453 359 235 735 198 790 310 594 550 582 395 627 279 741 640 383 489 531 
453 333 289 659 219 773 306 589 549 582 395 627 279 741 640 383 489 531 
456 293 281 660 214 778 305 588 548 582 395 627 279 741 640 383 489 531 
452 264 227 730 213 803 306 589 548 583 395 627 279 741 640 383 489 531 
446 255 183 785 214 814 309 589 548 583 395 627 279 741 640 383 489 531 
441 247 194 756 220 796 309 588 550 584 395 627 279 741 640 383 489 531 
444 241 278 668 242 762 319 599 549 581 395 627 279 741 640 383 489 531 
445 241 320 621 249 750 330 618 545 575 395 627 279 741 640 383 489 531 
455 240 312 638 245 772 345 638 533 559 395 627 279 741 640 383 489 531 
466 240 275 700 229 809 360 645 521 547 395 627 279 741 640 383 489 531 
468 247 229 766 219 825 362 645 514 540 395 627 279 741 640 383 489 531 
475 260 216 769 219 815 368 645 512 539 395 627 279 741 640 383 489 531 
524 308 235 746 219 802 371 645 512 538 395 627 279 741 640 383 489 531 
597 385 260 726 226 795 371 650 513 538 395 627 279 741 640 383 489 531 
688 449 293 712 249 793 374 660 513 538 395 627 279 741 640 383 489 531 
777 520 312 709 259 791 378 663 512 538 395 627 279 741 640 383 489 531 
815 557 330 701 261 786 379 660 511 538 395 627 279 741 640 383 489 531 
812 560 314 711 246 792 370 660 513 540 395 627 279 741 640 383 489 531 
799 560 267 775 242 810 362 661 514 543 395 627 279 741 640 383 489 531 
766 567 232 843 243 815 369 669 511 540 395 627 279 741 640 383 489 531 
765 583 244 821 252 790 376 677 504 536 395 627 279 741 640 383 489 531 
801 592 302 721 274 736 374 672 499 531 395 627 279 741 640 383 489 531 
829 592 354 670 290 712 374 668 498 534 395 627 279 741 640 383 489 531 
825 587 336 708 269 733 372 666 504 541 395 627 279 741 640 383 489 531 
792 583 282 822 254 756 371 663 508 547 395 627 279 741 640 383 489 531 
768 591 257 852 252 752 370 663 507 547 395 627 279 741 640 383 489 531 
771 592 262 851 253 752 369 662 507 547 395 627 279 741 640 383 489 531 
772 591 269 848 254 752 371 662 505 545 395 627 279 741 640 383 489 531 
771 526 287 832 253 753 370 663 505 545 395 627 279 741 640 383 489 531 
768 401 303 805 252 754 369 661 505 545 395 627 279 741 640 383 489 531 
771 279 315 773 252 754 369 661 505 545 395 627 279 741 640 383 489 531 
789 219 312 779 247 754 369 659 506 544 395 627 279 741 640 383 489 531 
802 216 313 771 244 752 368 655 507 545 395 627 279 741 640 383 489 531 
803 216 373 696 246 745 366 654 507 545 395 627 279 741 640 383 489 531 
803 216 467 598 246 742 366 654 507 545 395 627 279 741 640 383 489 531 
803 212 546 521 247 745 366 654 506 545 395 627 279 741 640 383 489 531 
820 182 549 513 239 752 363 655 504 545 395 627 279 741 640 383 489 531 
828 178 547 513 230 746 363 656 504 545 395 627 279 741 640 383 489 531 
791 231 555 511 222 746 366 658 502 544 395 627 279 741 640 383 489 531 
715 306 544 511 193 746 366 656 504 544 395 627 279 741 640 383 489 531 
672 356 542 511 177 746 366 658 502 542 395 627 279 741 640 383 489 531 
665 366 542 515 177 754 364 653 502 542 395 627 279 741 640 383 489 531 
664 378 541 524 177 769 366 654 504 542 395 627 279 741 640 383 489 531 
606 415 550 521 209 768 366 655 506 542 395 627 279 741 640 383 489 531 
526 448 551 512 236 760 368 654 510 542 395 627 279 741 640 383 489 531 
513 474 543 517 236 760 368 651 510 542 395 627 279 741 640 383 489 531 
513 486 539 518 229 774 371 652 510 543 395 627 279 741 640 383 489 531 
509 488 490 568 186 828 373 653 510 544 395 627 279 741 640 383 489 531 
510 491 419 639 162 855 371 653 509 544 395 627 279 741 640 383 489 531 
509 499 348 712 162 855 372 653 508 543 395 627 279 741 640 383 489 531 
503 513 321 728 167 844 371 654 507 543 395 627 279 741 640 383 489 531 
488 516 395 642 222 795 372 658 507 544 395 627 279 741 640 383 489 531 
484 520 469 557 276 749 372 658 507 545 395 627 279 741 640 383 489 531 
480 520 514 502 306 718 373 659 507 545 395 627 279 741 640 383 489 531 
476 523 509 506 294 741 373 656 506 544 395 627 279 741 640 383 489 531 
466 525 431 594 239 786 373 656 506 544 395 627 279 741 640 383 489 531 
466 533 342 695 220 792 370 653 506 542 395 627 279 741 640 383 489 531 
465 536 273 765 224 775 370 653 504 542 395 627 279 741 640 383 489 531 
443 565 266 776 240 761 371 654 506 541 395 627 279 741 640 383 489 531 
373 654 265 780 252 746 372 653 506 541 395 627 279 741 640 383 489 531 
327 701 265 780 261 740 373 656 506 543 395 627 279 741 640 383 489 531 
336 660 270 779 263 738 375 662 506 543 395 627 279 741 640 383 489 531 
445 533 278 778 263 737 374 663 506 542 395 627 279 741 640 383 489 531 
558 446 284 778 267 738 374 660 505 542 395 627 279 741 640 383 489 531 
620 395 280 782 264 744 373 660 504 542 395 627 279 741 640 383 489 531 
644 351 283 781 266 744 374 660 504 543 395 627 279 741 640 383 489 531 
690 322 287 782 267 742 374 660 502 543 395 627 279 741 640 383 489 531 
756 259 287 780 275 737 373 660 502 543 395 627 279 741 640 383 489 531 
816 198 289 779 281 735 373 660 502 543 395 627 279 741 640 383 489 531 
825 186 299 768 291 724 374 660 502 543 395 627 279 741 640 383 489 531 
810 221 328 755 304 720 374 660 504 542 395 627 279 741 640 383 489 531 
768 286 363 753 306 723 374 660 504 541 395 627 279 741 640 383 489 531 
707 347 418 742 311 723 374 660 504 540 395 627 279 741 640 383 489 531 
660 402 484 695 326 717 380 667 504 540 395 627 279 741 640 383 489 531 
641 460 537 622 341 695 385 672 505 541 395 627 279 741 640 383 489 531 
636 505 550 592 343 684 390 675 507 543 395 627 279 741 640 383 489 531 
636 508 550 592 343 684 386 670 506 543 395 627 279 741 640 383 489 531 
631 513 554 583 348 674 388 672 506 542 395 627 279 741 640 383 489 531 
578 516 567 540 368 647 389 672 506 542 395 627 279 741 640 383 489 531 
504 532 567 513 385 634 388 671 506 542 395 627 279 741 640 383 489 531 
445 564 565 502 409 620 389 670 506 541 395 627 279 741 640 383 489 531 
423 577 563 494 431 604 389 669 506 542 395 627 279 741 640 383 489 531 
418 583 555 495 434 601 389 668 506 541 395 627 279 741 640 383 489 531 
413 582 538 515 428 611 386 663 506 542 395 627 279 741 640 383 489 531 
418 581 485 589 403 629 383 659 506 543 395 627 279 741 640 383 489 531 
427 581 432 666 388 632 381 655 506 543 395 627 279 741 640 383 489 531 
455 582 435 763 419 652 374 650 506 543 395 627 279 741 640 383 489 531 
475 583 445 856 460 656 370 646 504 541 395 627 279 741 640 383 489 531 
489 582 456 900 495 666 363 639 504 541 395 627 279 741 640 383 489 531 
493 582 457 902 519 693 355 631 504 541 395 627 279 741 640 383 489 531 
490 587 431 895 504 680 368 645 500 539 395 627 279 741 640 383 489 531 
490 579 373 855 460 625 383 679 491 529 395 627 279 741 640 383 489 531 
490 562 310 819 406 577 404 704 482 524 395 627 279 741 640 383 489 531 
491 534 259 793 359 547 422 722 473 517 395 627 279 741 640 383 489 531 
485 513 216 763 326 522 432 731 464 511 395 627 279 741 640 383 489 531 
469 490 179 740 314 504 432 731 458 506 395 627 279 741 640 383 489 531 
455 444 149 727 310 499 432 733 456 503 395 627 279 741 640 383 489 531 
451 380 141 724 308 501 433 735 453 501 395 627 279 741 640 383 489 531 
438 313 142 730 308 502 433 735 452 501 395 627 279 741 640 383 489 531 
441 245 142 755 309 514 433 735 451 500 395 627 279 741 640 383 489 531 
442 192 142 782 308 526 433 733 451 501 395 627 279 741 640 383 489 531 
443 162 142 795 308 529 430 730 453 502 395 627 279 741 640 383 489 531 
444 146 141 797 306 529 427 724 457 503 395 627 279 741 640 383 489 531 
451 155 133 799 300 529 421 716 458 503 395 627 279 741 640 383 489 531 
462 204 128 795 292 527 408 704 464 508 395 627 279 741 640 383 489 531 
465 225 125 788 281 528 393 686 473 513 395 627 279 741 640 383 489 531 
465 237 126 826 277 572 389 679 473 513 395 627 279 741 640 383 489 531 
464 228 133 861 274 634 386 677 477 515 395 627 279 741 640 383 489 531 
464 225 138 847 252 676 382 672 481 520 395 627 279 741 640 383 489 531 
462 221 146 819 237 716 381 669 483 521 395 627 279 741 640 383 489 531 
460 219 154 801 230 759 379 668 484 522 395 627 279 741 640 383 489 531 
460 234 157 782 227 797 376 663 488 524 395 627 279 741 640 383 489 531 
462 266 155 768 227 806 371 658 488 523 395 627 279 741 640 383 489 531 
462 304 155 767 230 815 365 650 488 523 395 627 279 741 640 383 489 531 
463 341 155 765 230 818 360 643 490 524 395 627 279 741 640 383 489 531 
