363 0 10.400000 659 0 10.391000 269 1028 10.376000 756 0 10.286000 414 0 10.315000 616 0 10.329000 341 1028 10.245000 639 8 10.292000 495 0 10.281000 541 0 10.232000 405 0 10.273000 593 0 10.307000 234 0 10.231000 770 0 10.293000 656 0 10.266000 368 0 10.212000 491 0 10.282000 531 0 10.287000 
363 0 60.450001 659 0 10.282000 269 0 10.278000 756 0 10.281000 414 0 10.257000 616 0 10.349000 341 0 10.286000 645 8 10.314000 496 0 10.371000 541 0 10.282000 406 4 10.257000 592 0 10.328000 233 1028 10.259000 770 0 10.251000 656 0 10.368000 368 0 10.280000 491 0 10.285000 532 0 10.322000 
363 0 60.488998 659 0 10.391000 269 0 10.386000 756 0 10.279000 414 0 10.296000 616 0 10.307000 341 0 10.223000 647 4 10.249000 496 0 10.268000 541 0 10.189000 408 0 10.217000 591 1028 10.271000 233 0 10.243000 772 4 10.265000 655 1028 10.312000 368 0 10.285000 491 0 10.229000 532 0 10.391000 
360 1028 60.564999 654 0 10.288000 269 0 10.391000 755 0 10.274000 414 0 10.228000 616 0 10.326000 341 0 10.267029 647 0 10.296000 496 0 10.376000 540 1028 10.292000 408 0 10.284000 590 1028 10.311000 233 0 10.294000 772 0 10.252000 654 0 10.329000 368 0 10.254000 491 0 10.235000 532 0 10.266000 
358 1028 60.455002 653 0 10.293000 268 1028 10.283000 756 4 10.292000 414 0 10.312000 616 0 10.337000 341 0 10.267000 647 0 10.277000 495 0 10.268000 540 1028 10.203000 409 4 10.240000 589 1028 10.262000 232 1028 10.252000 771 0 10.274000 655 0 10.422000 368 0 10.289000 491 0 10.250000 532 0 10.257000 
378 36 60.433998 636 1060 10.320000 264 1032 10.274000 757 4 10.234000 414 0 10.251000 616 0 10.317000 341 0 10.262000 649 4 10.255000 496 4 10.294000 541 4 10.189000 412 8 10.224000 585 1032 10.307000 231 0 10.220000 771 0 10.254000 656 0 10.261000 368 0 10.219000 491 0 10.219000 531 0 10.316000 
430 108 60.557999 588 1128 10.387000 266 8 10.374000 751 1040 10.276000 413 1028 10.284000 610 1032 10.373000 341 0 10.255000 647 1028 10.310000 496 0 10.300000 540 0 10.265000 412 0 10.261000 585 0 10.365000 232 0 10.225000 770 1028 10.201000 657 0 10.324000 368 0 10.201000 491 0 10.238000 531 0 10.271000 
484 124 60.513000 541 1124 10.290000 277 16 10.278000 736 1064 10.253000 414 0 10.226000 596 1056 10.307000 340 0 10.260000 645 1028 10.261000 497 0 10.249000 540 0 10.219000 410 1028 10.228000 585 0 10.270996 233 4 10.231000 768 0 10.239000 657 4 10.292000 368 0 10.325000 491 0 10.264000 531 0 10.245000 
509 60 60.547001 529 1060 10.305000 272 0 10.338000 728 1052 10.269000 411 0 10.226000 588 1044 10.286000 338 1028 10.256000 644 0 10.295000 498 4 10.294000 540 0 10.278000 410 0 10.264000 585 0 10.337000 233 0 10.273000 773 4 10.288000 657 0 10.382000 365 1032 10.248000 491 0 10.312000 531 0 10.370000 
517 16 60.445999 533 16 10.377000 221 1128 10.243000 710 1048 10.221000 376 1084 10.233000 569 1056 10.257000 341 8 10.201000 649 8 10.212000 497 1028 10.318000 540 0 10.244000 410 0 10.257000 586 4 10.320000 233 0 10.320000 774 4 10.309000 657 0 10.385000 363 1028 10.297000 491 0 10.317000 531 0 10.301000 
518 0 60.561001 534 0 10.350000 146 1176 10.403000 668 1108 10.301000 330 1116 10.371000 539 1084 10.422000 341 4 10.296000 649 0 10.263000 497 4 10.282000 540 0 10.221000 410 0 10.209000 586 0 10.287000 233 0 10.173000 774 0 10.219000 657 0 10.282000 363 0 10.225000 491 0 10.272000 531 0 10.324000 
514 1028 60.452999 534 0 10.277000 127 1044 10.302000 627 1100 10.262000 284 1116 10.207000 516 1072 10.287000 341 0 10.237000 649 0 10.283000 498 4 10.330000 541 0 10.208000 410 0 10.172000 586 0 10.327000 233 0 10.203000 776 0 10.253000 657 0 10.337000 361 0 10.202000 491 0 10.261000 530 1028 10.184998 
512 0 60.422001 533 0 10.279000 124 1032 10.208000 596 1076 10.282000 230 1132 10.236000 502 1060 10.289000 341 0 10.247000 647 1028 10.290000 498 0 10.326000 541 0 10.245000 410 0 10.227000 586 0 10.329000 233 0 10.254000 776 0 10.270000 657 0 10.327000 359 1028 10.235000 491 0 10.206000 530 0 10.292000 
507 1032 60.456001 530 4 10.350000 128 12 10.354000 610 0 10.266000 224 1060 10.288000 525 20 10.389000 335 1032 10.262000 643 1032 10.300000 497 1028 10.370000 540 1028 10.310000 410 0 10.340000 585 1028 10.419000 232 0 10.278000 776 0 10.304000 656 0 10.342000 358 0 10.265000 491 0 10.244000 530 0 10.380000 
500 1036 60.549999 526 1032 10.417000 162 80 10.353000 650 76 10.308000 264 80 10.285000 573 108 10.321000 333 1032 10.300000 638 1032 10.313000 497 0 10.346000 540 0 10.257000 410 0 10.264000 584 1028 10.311000 229 0 10.215000 771 1032 10.209000 657 0 10.307000 358 1028 10.235000 491 0 10.268000 530 0 10.282000 
492 1044 60.401001 518 1040 10.266000 210 100 10.233000 691 80 10.267000 302 76 10.347000 617 88 10.395000 332 1028 10.265000 637 1028 10.308000 498 4 10.294000 540 0 10.312000 409 1028 10.305000 583 0 10.361000 224 1036 10.270000 771 0 10.269000 658 4 10.294000 358 4 10.212000 491 0 10.284000 531 0 10.303000 
482 1040 60.418030 513 1032 10.360000 272 116 10.285000 755 136 10.233000 341 80 10.239000 680 124 10.306000 331 1028 10.258000 635 1032 10.262000 499 0 10.258000 540 0 10.276000 409 0 10.236000 582 0 10.343000 223 1028 10.302000 771 0 10.234000 658 0 10.335000 358 0 10.224000 491 0 10.314000 531 0 10.346000 
476 1040 60.557999 513 0 10.348000 332 124 10.306000 821 136 10.266000 373 56 10.274000 724 100 10.340000 330 0 10.236000 634 0 10.267000 499 0 10.354000 540 0 10.233000 409 0 10.245000 582 0 10.359000 222 0 10.247000 770 1028 10.196000 658 0 10.301000 358 0 10.342000 491 0 10.312000 531 0 10.355000 
473 1036 60.535000 513 4 10.246000 382 104 10.265000 873 108 10.239000 404 64 10.400000 748 56 10.207000 331 4 10.164000 636 4 10.183000 499 4 10.211000 540 0 10.252000 409 0 10.211000 581 0 10.192000 222 0 10.319000 770 0 10.224000 658 0 10.226000 359 0 10.253000 491 0 10.198000 531 0 10.221000 
473 0 60.499001 520 20 10.373000 422 84 10.423000 894 48 10.310000 432 60 10.255000 769 40 10.368000 329 1032 10.294000 637 4 10.300000 498 1028 10.295000 540 0 10.288000 409 0 10.327000 580 1028 10.366000 222 0 10.262000 770 0 10.342000 658 0 10.257000 359 0 10.281000 491 0 10.284000 531 0 10.288000 
475 8 60.528999 522 4 10.415000 452 52 10.363000 896 4 10.250000 452 44 10.253000 790 48 10.292000 328 0 10.234009 638 0 10.205000 498 0 10.268000 540 0 10.220000 410 4 10.236000 579 1028 10.298000 222 0 10.211000 770 0 10.234000 658 0 10.325000 359 1028 10.201000 491 0 10.207000 532 4 10.260000 
476 0 60.455002 523 0 10.217000 445 4 10.254000 892 1036 10.228000 447 1044 10.269000 775 1060 10.225000 334 12 10.220000 646 12 10.242000 498 0 10.245000 542 4 10.194000 410 0 10.222000 578 0 10.253000 224 0 10.280000 772 0 10.275000 658 0 10.265000 358 0 10.234000 491 0 10.276000 532 0 10.258000 
480 4 60.346001 520 0 10.297000 399 1112 10.293000 858 1120 10.257000 405 1088 10.257000 724 1112 10.388000 341 12 10.241000 656 20 10.223000 498 1028 10.350000 541 0 10.242000 411 0 10.273000 579 1028 10.297000 224 0 10.292000 774 8 10.227000 658 0 10.292000 358 0 10.306000 491 0 10.339000 532 0 10.288000 
487 16 60.473000 520 0 10.358000 324 1180 10.242000 801 1132 10.232000 341 1152 10.230000 666 1144 10.242000 341 0 10.223000 656 0 10.227000 498 0 10.323000 541 4 10.284000 411 0 10.281000 579 4 10.405000 225 4 10.292000 772 1032 10.285000 658 0 10.391000 358 0 10.320000 491 0 10.305000 532 0 10.414000 
499 24 60.431999 524 8 10.380000 251 1168 10.361000 730 1160 10.309000 285 1140 10.334000 613 1128 10.384000 341 0 10.252000 656 0 10.246000 498 0 10.363000 540 1028 10.238000 411 0 10.200000 579 0 10.340027 225 0 10.238000 772 0 10.254000 658 0 10.324000 358 0 10.217000 491 0 10.238000 532 0 10.257000 
500 0 60.393002 526 4 10.229000 196 1132 10.224000 647 1188 10.214000 235 1120 10.215000 573 1108 10.262000 341 0 10.242000 656 0 10.239000 499 4 10.268000 541 4 10.280000 411 0 10.211000 579 0 10.244000 225 0 10.267000 776 12 10.260000 658 0 10.298000 358 0 10.225000 491 0 10.282000 531 0 10.278000 
501 4 60.368999 527 8 10.249000 162 1108 10.328000 580 1148 10.227000 209 1068 10.279000 549 1068 10.331000 341 0 10.210000 653 1028 10.246000 502 12 10.450000 544 8 10.316000 411 0 10.280000 580 4 10.336000 225 0 10.333000 777 4 10.322000 658 0 10.326000 354 1032 10.317000 491 0 10.321000 531 0 10.409000 
495 1040 60.609001 520 1040 10.376000 181 32 10.373000 551 1096 10.266000 235 28 10.243000 535 1056 10.331000 336 1036 10.214000 647 1032 10.236000 504 0 10.250000 544 1028 10.213000 411 0 10.233000 579 1028 10.254000 225 0 10.205000 777 0 10.221000 658 0 10.333000 351 1036 10.200000 491 0 10.222000 531 0 10.239000 
495 0 60.472000 515 1032 10.221000 217 80 10.471000 543 1048 10.310000 272 80 10.263000 533 1032 10.361000 334 0 10.255000 645 1032 10.218000 502 0 10.362000 543 0 10.289000 411 0 10.299000 579 0 10.375000 225 0 10.307000 775 0 10.300000 658 0 10.361000 351 0 10.318000 491 0 10.334000 531 4 10.307983 
493 0 60.499001 517 4 10.297000 225 12 10.350000 563 36 10.244000 289 36 10.276000 548 32 10.323000 331 0 10.255000 643 1028 10.305000 502 0 10.248000 542 1028 10.244000 411 0 10.303000 579 0 10.288000 225 0 10.235000 774 0 10.306000 658 0 10.242000 351 0 10.201000 491 0 10.211000 531 0 10.292000 
493 0 60.466999 520 4 10.242000 193 1112 10.235000 585 40 10.209000 276 1044 10.298000 563 36 10.251000 333 4 10.256000 645 0 10.326000 504 0 10.350000 543 0 10.292000 412 0 10.303000 579 0 10.257000 224 0 10.232000 782 20 10.284000 658 0 10.331000 350 0 10.272000 491 0 10.332000 531 0 10.313000 
493 0 60.504002 517 1028 10.424000 139 1148 10.304000 562 1096 10.247000 254 1068 10.262000 554 1056 10.272000 338 12 10.240000 651 12 10.328000 504 0 10.370000 544 4 10.301000 414 4 10.274000 580 4 10.290000 225 0 10.248000 791 20 10.269000 658 0 10.209000 347 1036 10.193000 491 0 10.213000 530 1028 10.206000 
493 0 60.435001 514 0 10.326000 128 1044 10.296000 540 1108 10.183000 247 1056 10.209000 555 1040 10.249000 338 0 10.172000 649 1036 10.258000 506 4 10.291000 544 1028 10.252000 413 0 10.272000 581 0 10.312000 225 0 10.277000 788 1032 10.268000 658 0 10.312000 345 1028 10.240000 491 0 10.353000 530 0 10.408000 
491 1032 60.487976 509 1036 10.415000 155 52 10.359000 577 64 10.274000 281 60 10.285000 597 88 10.386000 325 1048 10.435000 639 1044 10.343000 506 0 10.291000 543 1028 10.257000 412 1028 10.256000 579 0 10.384000 224 1028 10.268000 785 1028 10.275000 658 0 10.357000 345 0 10.257000 491 0 10.220000 530 0 10.368000 
489 0 60.535000 506 1032 10.373000 218 140 10.384000 642 124 10.328000 332 104 10.252000 665 136 10.341000 315 1044 10.259000 630 1036 10.288000 506 0 10.307000 543 0 10.226000 410 1028 10.243000 579 0 10.294000 224 0 10.229000 783 0 10.209000 658 0 10.361000 345 0 10.233000 491 0 10.170000 531 1028 10.277000 
484 1040 60.462002 507 4 10.271000 289 140 10.276000 722 160 10.241000 382 96 10.235000 720 112 10.277000 314 0 10.222000 625 1040 10.257000 505 0 10.290000 543 0 10.208000 409 1028 10.196000 579 0 10.323000 224 0 10.207000 782 1032 10.190000 658 0 10.283000 345 0 10.239000 491 0 10.256000 530 0 10.289000 
473 1048 60.417999 509 8 10.315000 358 136 10.348000 803 164 10.258000 421 80 10.257000 757 88 10.399000 316 0 10.243000 622 1028 10.242000 504 0 10.381000 542 1028 10.240000 409 0 10.215000 579 0 10.273000 222 1028 10.242000 782 0 10.252000 658 0 10.287000 345 0 10.212000 492 4 10.230000 530 0 10.279000 
469 1036 60.373001 509 0 10.293000 419 132 10.282000 877 152 10.200000 452 72 10.217000 780 48 10.294000 318 4 10.265015 624 4 10.191000 500 1036 10.227000 541 0 10.263000 409 0 10.215000 578 0 10.258000 222 1028 10.205000 782 0 10.228000 658 0 10.285000 345 0 10.278000 492 0 10.274000 530 0 10.378000 
468 1028 60.450001 523 20 10.308000 447 56 10.367000 894 44 10.239000 460 24 10.249000 781 12 10.341000 322 8 10.278000 630 8 10.288000 500 0 10.407000 541 0 10.274000 409 0 10.266000 577 1028 10.306000 222 0 10.247000 782 0 10.221000 661 4 10.308000 345 0 10.232000 491 0 10.328000 532 0 10.244000 
468 1028 60.425999 528 8 10.292000 420 1096 10.223000 876 1056 10.199000 435 1072 10.283000 741 1112 10.293000 336 36 10.254000 650 44 10.272000 500 0 10.297000 541 0 10.238000 411 8 10.211000 578 4 10.280000 224 4 10.231000 788 12 10.317000 661 0 10.288000 345 0 10.235000 491 0 10.289000 532 0 10.244000 
473 8 60.488998 528 4 10.292000 353 1152 10.334000 828 1132 10.273000 377 1140 10.314000 687 1132 10.394000 348 24 10.246000 663 20 10.278000 499 1028 10.344000 541 0 10.163000 413 8 10.209000 578 0 10.249000 224 0 10.230000 789 4 10.250000 661 0 10.240000 345 0 10.183000 491 0 10.242000 532 0 10.349000 
474 4 60.423000 532 4 10.306000 277 1176 10.263000 751 1188 10.295000 326 1132 10.281000 645 1108 10.290000 356 20 10.284000 669 8 10.253000 499 0 10.251000 540 0 10.331000 414 4 10.261000 578 0 10.227000 224 0 10.302002 792 8 10.228000 661 0 10.215000 345 0 10.301000 491 0 10.213000 532 0 10.251000 
473 0 60.460999 536 4 10.328000 200 1184 10.387000 668 1188 10.298000 281 1120 10.422000 604 1108 10.390000 356 0 10.303000 669 0 10.343000 499 0 10.380000 541 0 10.287000 414 0 10.272000 577 0 10.254000 224 0 10.225000 793 0 10.242000 661 0 10.256000 345 0 10.227000 491 0 10.279000 532 0 10.411000 
470 0 60.550999 532 1036 10.380000 148 1120 10.381000 597 1176 10.418000 260 1072 10.269000 575 1084 10.396000 356 0 10.312000 667 0 10.279000 500 4 10.338000 544 8 10.280000 415 0 10.315000 577 0 10.318000 224 0 10.355000 795 0 10.283000 661 0 10.284000 341 1032 10.328000 491 0 10.219000 532 0 10.346000 
467 1028 60.500000 534 12 10.373000 144 12 10.360000 587 1036 10.279000 272 24 10.233000 571 0 10.264000 345 1040 10.236000 655 1048 10.225000 501 4 10.335000 545 0 10.262000 415 0 10.235000 577 0 10.327000 224 0 10.269000 791 1032 10.254000 661 0 10.310000 341 0 10.256000 491 0 10.245000 532 0 10.366000 
466 1028 60.234001 536 0 10.205000 140 4 10.310000 588 1036 10.209000 277 4 10.228000 568 1036 10.319000 343 1036 10.245000 651 1032 10.179000 500 0 10.285000 545 0 10.231000 415 0 10.293000 577 0 10.288000 224 0 10.271000 791 4 10.272000 661 0 10.261000 341 0 10.234000 491 0 10.227000 531 1028 10.242981 
465 0 60.424999 525 1048 10.265000 155 16 10.232000 617 80 10.214000 303 28 10.195000 591 28 10.209000 336 1040 10.234000 643 1044 10.217000 500 0 10.307000 545 0 10.235000 415 0 10.240000 577 0 10.264000 222 1032 10.219000 789 1028 10.190000 661 0 10.234000 341 0 10.227000 491 0 10.240000 531 0 10.249000 
464 1028 60.344002 523 1028 10.295000 220 136 10.270000 691 144 10.196000 352 96 10.240000 641 108 10.272000 325 1044 10.252000 633 1036 10.210000 500 0 10.241000 544 0 10.263000 415 0 10.263000 577 0 10.218000 222 0 10.239000 786 1028 10.230000 661 0 10.342000 341 0 10.196000 491 0 10.243000 531 0 10.309000 
464 0 60.381001 525 4 10.235000 290 144 10.276000 778 168 10.221000 394 76 10.219000 683 84 10.236000 323 1028 10.246000 630 1036 10.264000 500 0 10.218000 543 0 10.229000 414 0 10.190000 577 0 10.292000 222 0 10.269000 786 1028 10.233000 661 0 10.254000 341 0 10.246000 491 0 10.273000 531 0 10.234000 
457 1040 60.481998 529 12 10.337000 355 140 10.295000 874 188 10.249000 428 68 10.302000 711 52 10.276000 322 0 10.231000 630 0 10.249000 499 1028 10.345000 544 4 10.277000 413 1028 10.240000 577 0 10.372000 221 1028 10.246000 785 1028 10.254000 661 0 10.345000 341 0 10.239000 491 0 10.216000 531 0 10.252000 
452 1028 60.479004 543 32 10.201000 413 128 10.288000 898 16 10.225000 452 44 10.270000 737 60 10.222000 322 1028 10.221000 631 0 10.308000 499 0 10.377000 544 0 10.236000 414 0 10.275000 576 1028 10.327000 217 1032 10.332000 784 1028 10.275000 661 0 10.403000 341 0 10.318000 491 0 10.306000 531 0 10.417000 
454 0 60.526001 554 24 10.379000 395 1060 10.349000 888 1028 10.274000 431 1048 10.343000 713 1064 10.380000 335 32 10.292000 645 28 10.282000 499 0 10.294000 544 0 10.208000 415 4 10.228000 576 0 10.303000 219 4 10.218000 785 4 10.286000 661 1028 10.315000 342 0 10.241000 491 0 10.265000 532 4 10.327000 
454 0 60.436001 555 0 10.252000 354 1108 10.293000 855 1084 10.260000 399 1096 10.235000 671 1112 10.288000 340 8 10.251000 651 16 10.309000 499 0 10.310000 544 0 10.217000 415 0 10.197000 575 0 10.297000 220 4 10.240000 785 0 10.341000 661 0 10.334000 342 0 10.302000 491 0 10.334000 532 0 10.333000 
454 0 60.525002 554 0 10.361000 325 1076 10.333000 839 1076 10.297000 378 1068 10.265000 653 1056 10.377000 341 4 10.259000 651 4 10.264000 499 0 10.384000 544 0 10.216000 416 0 10.271000 575 0 10.276000 220 0 10.248000 785 0 10.259000 661 0 10.309000 342 0 10.209000 491 0 10.213000 533 0 10.291000 
454 1032 60.460999 549 0 10.300000 344 4 10.318000 882 88 10.235000 399 44 10.269000 677 52 10.338000 335 1036 10.294983 644 1032 10.272000 499 0 10.328000 544 0 10.215000 414 0 10.232000 575 0 10.287000 220 0 10.272000 784 0 10.198000 661 0 10.226000 342 0 10.245000 491 0 10.351000 532 0 10.304000 
453 1028 60.421001 549 0 10.431000 395 96 10.283000 898 4 10.247000 426 52 10.330000 718 76 10.294000 328 1040 10.267000 638 1032 10.249000 499 0 10.370000 543 1028 10.280000 415 0 10.247000 574 1028 10.363000 220 0 10.294000 784 0 10.264000 661 0 10.422000 342 0 10.288000 491 0 10.335000 532 0 10.355000 
452 1028 60.532001 549 0 10.364000 441 92 10.337000 898 0 10.356000 447 52 10.249000 760 92 10.425000 325 1028 10.296000 637 1028 10.291000 499 0 10.273000 543 0 10.263000 415 0 10.287000 574 0 10.363000 220 0 10.267000 784 0 10.276000 661 0 10.411000 342 0 10.309000 491 0 10.242000 532 0 10.403000 
452 0 60.578999 553 0 10.355000 462 40 10.307000 898 0 10.287000 452 12 10.339000 769 20 10.440000 329 8 10.242000 639 0 10.234000 497 1028 10.396000 542 0 10.276000 414 1028 10.218000 574 0 10.339000 220 0 10.284000 784 0 10.272000 661 0 10.407000 342 0 10.274000 491 0 10.232000 532 0 10.374000 
447 1040 60.499001 560 12 10.281000 454 1044 10.325000 887 1044 10.203000 443 1040 10.270000 750 1068 10.299000 335 16 10.243000 645 12 10.217000 495 1028 10.303000 542 0 10.217000 414 0 10.256000 574 0 10.300000 221 0 10.208984 784 0 10.261000 661 0 10.253000 342 0 10.224000 491 0 10.272000 532 0 10.303000 
451 20 60.412998 558 1044 10.197000 419 1064 10.233000 881 1032 10.381000 412 1104 10.295000 730 1060 10.347000 340 8 10.368000 650 16 10.303000 497 4 10.309000 544 8 10.414000 415 4 10.324000 574 0 10.252000 222 4 10.410000 782 1028 10.329000 661 0 10.311000 342 0 10.429000 491 0 10.299000 532 0 10.293000 
479 52 60.449001 550 1036 10.313000 350 1168 10.256000 872 1040 10.290000 357 1132 10.253000 711 1064 10.259000 341 0 10.233000 651 4 10.249000 498 0 10.286000 544 0 10.201000 416 0 10.213000 574 0 10.268000 224 4 10.225000 782 0 10.213000 661 0 10.298000 342 0 10.214000 491 0 10.238000 531 0 10.321000 
509 56 60.379002 524 1072 10.295000 289 1144 10.290000 869 1040 10.225000 306 1124 10.231000 708 1044 10.300000 340 0 10.233000 651 1028 10.280000 498 0 10.266000 544 0 10.214000 418 8 10.287000 574 0 10.261000 224 0 10.242000 782 0 10.255000 661 0 10.268000 342 1028 10.216000 491 0 10.220000 532 0 10.297000 
551 96 60.456001 482 1108 10.300000 261 1072 10.291000 867 0 10.234000 273 1096 10.277000 714 12 10.266000 341 0 10.279000 652 0 10.357000 498 0 10.383000 544 0 10.272000 420 4 10.255000 573 1028 10.267000 225 4 10.235000 782 0 10.215000 661 0 10.246000 342 0 10.227000 491 0 10.243000 532 0 10.212000 
600 104 60.434998 430 1136 10.349000 258 0 10.278000 866 1028 10.257000 261 1048 10.340000 716 0 10.400000 341 0 10.257000 652 0 10.222000 498 0 10.379000 544 0 10.246000 421 0 10.286000 573 0 10.430000 227 4 10.261000 782 0 10.244000 661 0 10.343000 342 0 10.281000 491 0 10.250000 532 0 10.340000 
654 108 60.463001 378 1140 10.289000 260 0 10.382000 864 1028 10.286000 261 0 10.317000 717 4 10.422000 341 0 10.286000 652 0 10.291000 498 0 10.379000 544 0 10.255000 421 0 10.213000 573 0 10.403000 229 4 10.253000 782 0 10.295000 661 0 10.414000 342 0 10.309000 491 0 10.268000 532 0 10.335000 
676 64 60.526001 359 1072 10.365000 261 4 10.373000 858 1032 10.279000 261 0 10.245000 722 12 10.367000 341 0 10.261000 651 0 10.226000 498 0 10.248000 548 4 10.276000 421 0 10.266000 573 0 10.367000 230 4 10.294000 782 0 10.272000 661 0 10.332000 342 0 10.310000 491 0 10.308000 532 0 10.352000 
684 12 60.551998 351 1036 10.356000 260 0 10.377000 856 1028 10.324000 261 0 10.232000 726 8 10.355000 341 0 10.282000 651 0 10.340000 498 0 10.308000 545 0 10.259000 421 0 10.379000 573 0 10.264000 230 0 10.244000 782 0 10.241000 661 0 10.310000 342 0 10.234000 491 0 10.217000 532 0 10.321000 
708 52 60.362000 325 1076 10.269000 259 0 10.376000 853 1028 10.281000 259 1028 10.306000 732 8 10.324000 341 0 10.247000 651 0 10.256000 502 12 10.388000 549 12 10.274000 421 1028 10.269000 573 0 10.337000 231 4 10.265000 782 0 10.265000 661 0 10.274000 342 0 10.208000 491 0 10.235000 532 0 10.310000 
704 1052 60.462002 323 16 10.296000 254 1040 10.252000 851 1028 10.214000 252 1036 10.205000 741 16 10.287000 342 4 10.195000 653 4 10.258000 501 0 10.275000 555 12 10.203000 419 1032 10.294000 576 4 10.290000 232 4 10.157000 782 0 10.200000 661 0 10.267000 342 0 10.188000 491 0 10.174000 532 0 10.279000 
649 1164 60.396000 378 60 10.234000 253 0 10.310000 848 1032 10.248000 246 1036 10.246000 748 16 10.262000 342 0 10.275000 653 0 10.288000 500 1028 10.297000 564 24 10.214000 418 1028 10.272000 576 0 10.304000 232 0 10.241000 782 0 10.227000 661 0 10.274000 342 0 10.209000 491 0 10.182000 532 0 10.293000 
556 1212 60.596001 468 180 10.271000 253 0 10.339000 843 1032 10.294000 243 1032 10.249000 753 12 10.324000 341 0 10.263000 653 0 10.251000 500 0 10.364000 568 8 10.313000 417 0 10.275000 576 0 10.297000 232 0 10.301000 782 0 10.293000 661 0 10.277000 342 0 10.264000 491 0 10.333000 532 0 10.360000 
471 1204 60.540001 553 184 10.342000 256 0 10.168000 843 0 10.198000 247 0 10.186000 749 0 10.341000 341 0 10.286011 653 0 10.219000 500 0 10.303000 568 0 10.281000 417 0 10.249000 576 0 10.389000 232 0 10.306000 782 0 10.340000 661 0 10.366000 342 0 10.295000 491 0 10.348000 532 0 10.397000 
382 1216 60.278000 596 76 10.229000 293 100 10.237000 777 1144 10.220000 275 60 10.230000 722 1088 10.323000 341 4 10.253000 652 0 10.276000 499 1028 10.291000 565 1036 10.238000 418 0 10.217000 574 0 10.311000 232 0 10.309000 782 0 10.284000 661 0 10.385000 342 0 10.288000 491 0 10.295000 532 0 10.285000 
334 1108 60.555000 630 72 10.367000 363 144 10.356000 663 1256 10.244000 309 60 10.294000 681 1104 10.302000 340 1028 10.262000 652 0 10.257000 499 0 10.303000 566 0 10.236000 418 0 10.278000 574 0 10.225000 232 0 10.249000 782 0 10.236000 661 0 10.300000 342 0 10.298000 491 0 10.220000 532 0 10.347000 
308 1072 60.472000 659 56 10.310000 422 128 10.353000 587 1160 10.238000 340 60 10.312000 649 1096 10.330000 340 0 10.213000 650 1032 10.345000 500 0 10.286000 566 0 10.262000 418 0 10.242000 574 0 10.345000 232 0 10.242000 782 0 10.260000 661 0 10.307000 342 0 10.266000 491 0 10.290000 532 0 10.269000 
288 1064 60.487999 691 68 10.348000 466 92 10.293000 546 1120 10.298000 374 68 10.231000 629 1068 10.280000 340 0 10.185000 649 1028 10.196000 500 0 10.309000 567 4 10.198000 419 0 10.217000 574 0 10.260000 232 0 10.216003 782 0 10.199000 661 0 10.209000 342 0 10.210000 491 0 10.221000 532 0 10.274000 
276 1048 60.362000 722 64 10.244000 502 80 10.244000 526 1076 10.274000 404 68 10.200000 617 1048 10.226000 340 0 10.260000 649 0 10.273000 500 0 10.309000 567 0 10.262000 419 4 10.324000 574 0 10.277000 232 0 10.261000 782 0 10.247000 661 0 10.438000 342 0 10.273000 491 0 10.258000 532 0 10.424000 
270 1032 60.396999 736 20 10.360000 503 1036 10.343000 529 8 10.222000 408 8 10.230000 618 8 10.325000 341 0 10.177000 647 0 10.202000 500 0 10.229000 565 1028 10.233000 419 0 10.283000 574 0 10.291000 232 0 10.225000 782 0 10.242000 661 0 10.329000 342 0 10.269000 491 0 10.300000 532 0 10.351000 
269 0 60.528000 729 1048 10.377000 502 1028 10.325000 529 0 10.255000 408 0 10.316000 618 0 10.290000 341 0 10.270000 647 0 10.284000 500 0 10.412000 566 1028 10.282000 419 0 10.289000 574 0 10.333000 232 0 10.251000 782 0 10.200000 661 0 10.304000 342 0 10.212000 491 0 10.247000 532 0 10.272000 
275 8 60.462002 725 1028 10.319000 500 0 10.267000 530 0 10.275000 408 0 10.265000 620 0 10.355000 342 4 10.437000 647 0 10.316000 500 0 10.360000 565 0 10.288000 419 0 10.275000 574 0 10.410000 232 0 10.279000 782 0 10.274000 661 0 10.309000 342 0 10.235000 491 0 10.227000 532 0 10.307000 
304 44 60.463013 701 1064 10.329000 485 1056 10.242000 541 16 10.225000 395 1044 10.244000 630 20 10.339000 342 0 10.189000 647 0 10.238000 500 0 10.255000 564 0 10.236000 420 4 10.200000 572 0 10.270000 232 0 10.239000 782 0 10.268000 661 0 10.262000 342 0 10.219000 491 0 10.258000 532 0 10.260000 
370 128 60.457001 631 1164 10.321000 461 1072 10.280000 564 44 10.211000 378 1052 10.276000 648 32 10.286000 342 0 10.186000 645 1028 10.177000 500 0 10.305000 564 0 10.231000 423 12 10.173000 566 1032 10.282000 232 0 10.191000 782 0 10.175000 661 0 10.319000 342 0 10.207000 491 0 10.266000 532 0 10.287000 
468 208 60.576000 523 1248 10.271000 442 1060 10.288000 587 52 10.320000 365 1052 10.259000 670 40 10.243000 342 0 10.308000 645 0 10.271000 501 0 10.262000 564 0 10.320000 425 0 10.299000 565 1028 10.275000 232 0 10.371000 782 0 10.248000 661 0 10.286000 342 0 10.372000 491 0 10.293000 532 0 10.298000 
581 236 60.495998 414 1244 10.410000 434 1048 10.384000 595 12 10.341000 352 1052 10.222000 681 24 10.299000 342 0 10.235000 643 1028 10.259000 502 4 10.388000 565 4 10.288000 425 0 10.314000 565 0 10.353000 232 0 10.297000 782 0 10.331000 661 0 10.276000 342 0 10.282000 491 0 10.221000 532 0 10.267000 
687 228 60.504028 313 1228 10.318000 431 1032 10.301000 596 0 10.251000 337 1052 10.235000 689 16 10.291000 342 0 10.277000 638 1032 10.231000 504 0 10.306000 565 0 10.271000 425 0 10.297000 565 0 10.353000 232 0 10.310000 782 0 10.368000 661 0 10.340000 342 0 10.262000 491 0 10.287000 532 0 10.253000 
756 164 60.429001 263 1136 10.426000 433 8 10.303000 592 1036 10.270000 329 1048 10.290000 689 0 10.379000 343 4 10.250000 637 1028 10.259000 502 1028 10.238000 564 1028 10.239000 425 0 10.215000 565 0 10.217000 232 0 10.208000 782 0 10.197000 661 0 10.229000 342 0 10.213000 491 0 10.271000 532 0 10.227000 
766 16 60.313999 257 1028 10.269000 430 1028 10.402000 596 8 10.252000 327 1028 10.255000 698 16 10.268000 345 0 10.238000 637 0 10.250000 504 0 10.286000 565 0 10.255000 425 0 10.256000 565 0 10.256000 232 0 10.221000 782 0 10.250000 661 0 10.326000 342 0 10.215000 491 0 10.240000 532 0 10.302000 
776 20 60.487000 248 1040 10.346000 425 1044 10.348000 605 16 10.210000 311 1056 10.209000 721 56 10.282000 -2 0 10.224000 -2 0 10.193000 -2 0 10.241000 -2 1024 10.193000 -2 0 10.209000 -2 0 10.243000 -2 0 10.208000 -2 0 10.231000 -2 0 10.303000 -2 0 10.213000 -2 0 10.201000 -2 0 10.254000 
-2 8192 60.433998 -2 4096 10.251000 -2 12288 10.246000 -2 22528 10.228000 -2 19456 10.277000 0 27648 10.294000 -2 0 10.223022 -2 0 10.239000 -2 0 10.259000 -2 0 10.212000 -2 0 10.287000 -2 0 10.383000 -2 0 10.292000 -2 0 10.235000 -2 0 10.281000 -2 0 10.272000 -2 0 10.225000 -2 0 10.385000 
-2 5120 60.543999 -2 3072 10.372000 -2 28672 10.368000 -2 25600 10.265000 -2 22528 10.272000 -2 28672 10.362000 -2 0 10.269000 -2 0 10.260000 -2 0 10.380000 -2 0 10.262000 -2 0 10.257000 -2 0 10.319000 -2 0 10.277000 -2 0 10.217000 -2 0 10.347000 -2 0 10.252000 -2 0 10.276000 -2 0 10.344000 
-2 8192 60.528000 -2 7168 10.365000 -2 24576 10.331000 -2 18432 10.219000 -2 14336 10.269000 -2 11264 10.203000 -2 0 10.270000 -2 0 10.203000 -2 0 10.306000 -2 0 10.217000 -2 0 10.276000 -2 0 10.385000 -2 0 10.285000 -2 0 10.272000 -2 0 10.331000 -2 0 10.311000 -2 0 10.289000 -2 0 10.384000 
-2 4096 60.511002 -2 0 10.358000 -2 5120 10.418000 -2 1024 10.304000 -2 1024 10.212000 -2 2048 10.375000 -2 0 10.265000 -2 0 10.258000 -2 0 10.389000 -2 1024 10.250000 -2 2048 10.276000 -2 3072 10.288000 -2 0 10.216000 -2 0 10.232000 -2 0 10.249000 -2 0 10.213000 -2 0 10.256000 -2 0 10.291000 
-2 5120 60.410000 -2 -22528 10.269000 -2 0 10.282000 -2 1024 10.271000 -2 0 10.223000 -2 0 10.288000 -2 0 10.244000 -2 0 10.232000 -2 0 10.308000 -2 1024 10.226000 -2 1024 10.328000 -2 0 10.275000 -2 0 10.236023 -2 0 10.218000 -2 0 10.256000 -2 0 10.201000 -2 0 10.275000 -2 0 10.304000 
-2 2048 60.532001 -2 -5120 10.347000 -2 0 10.355000 -2 1024 10.280000 -2 0 10.234000 -2 0 10.383000 -2 0 10.255000 -2 0 10.275000 -2 0 10.322000 -2 3072 10.271000 -2 0 10.262000 -2 0 10.352000 -2 0 10.307000 -2 0 10.334000 -2 0 10.379000 -2 0 10.290000 -2 0 10.316000 -2 0 10.346000 
-2 1024 60.582001 -2 -5120 10.403000 -2 0 10.267000 -2 3072 10.198000 -2 0 10.248000 -2 2048 10.275000 -2 1024 10.295000 -2 0 10.298000 -2 0 10.285000 -2 0 10.298000 -2 1024 10.338000 -2 0 10.278000 -2 0 10.254000 -2 0 10.252000 -2 0 10.327000 -2 0 10.233000 -2 0 10.289000 -2 0 10.323000 
-2 3072 60.417999 -2 3072 10.377000 -2 0 10.222000 -2 1024 10.250000 -2 0 10.328000 -2 6144 10.301000 -2 0 10.270000 -2 0 10.336000 -2 1024 10.369000 -2 0 10.296000 -2 1024 10.322000 -2 0 10.387000 -2 0 10.294000 -2 0 10.260000 -2 0 10.308000 -2 0 10.229000 -2 0 10.221000 -2 0 10.276000 
-2 8192 60.557999 -2 2048 10.286000 -2 0 10.318000 -2 -32768 10.312000 -2 0 10.223000 -2 11264 10.259000 -2 0 10.245000 -2 0 10.260000 -2 0 10.340000 -2 0 10.227000 -2 0 10.233000 -2 1024 10.262000 -2 0 10.199000 -2 0 10.222000 -2 0 10.278000 -2 0 10.242000 -2 0 10.242000 -2 0 10.308000 
-2 1024 60.440979 -2 1024 10.234000 -2 1024 10.274000 -2 17408 10.234000 -2 0 10.283000 -2 4096 10.280000 -2 1024 10.253000 -2 0 10.236000 -2 0 10.298000 -2 0 10.230000 -2 0 10.278000 -2 0 10.294000 -2 0 10.248000 -2 0 10.273000 -2 0 10.328000 -2 0 10.267000 -2 0 10.291000 -2 0 10.371000 
-2 2048 60.516998 -2 0 10.337000 -2 1024 10.331000 -2 14336 10.235000 -2 1024 10.298000 -2 9216 10.333000 -2 3072 10.266000 -2 1024 10.189000 -2 1024 10.329000 -2 0 10.237000 -2 0 10.277000 -2 0 10.309000 -2 0 10.237000 -2 0 10.304000 -2 0 10.319000 -2 0 10.282000 -2 0 10.288000 -2 0 10.299000 
-2 17408 60.486000 -2 22528 10.303000 -2 3072 10.283000 -2 22528 10.316000 -2 8192 10.255000 -2 13312 10.199000 -2 4096 10.316000 -2 1024 10.195000 -2 2048 10.292000 -2 0 10.223000 -2 0 10.251000 -2 0 10.298000 -2 0 10.220000 -2 0 10.245000 -2 0 10.322000 -2 0 10.213000 -2 0 10.216000 -2 0 10.254000 
-2 -18432 60.444000 -2 -22528 10.302000 -2 1024 10.275000 -2 16384 10.234000 -2 2048 10.259000 -2 2048 10.284000 -2 1024 10.252000 -2 0 10.247000 -2 0 10.305000 -2 0 10.249000 -2 0 10.398000 -2 0 10.354000 -2 0 10.278000 -2 0 10.321000 -2 0 10.322000 -2 0 10.283000 -2 0 10.271000 -2 0 10.319000 
-2 -16384 60.534000 -2 -17408 10.312012 -2 3072 10.343000 -2 4096 10.268000 -2 4096 10.296000 -2 1024 10.325000 -2 1024 10.260000 -2 0 10.260000 -2 0 10.309000 -2 1024 10.245000 -2 0 10.255000 -2 0 10.400000 -2 0 10.307000 -2 0 10.322000 -2 0 10.304000 -2 0 10.285000 -2 0 10.321000 -2 0 10.356000 
-2 29696 60.546001 -2 -32768 10.363000 -2 5120 10.278000 -2 0 10.257000 -2 3072 10.215000 -2 0 10.314000 -2 1024 10.205000 -2 1024 10.208000 -2 0 10.312000 -2 0 10.220000 -2 0 10.220000 -2 0 10.276000 -2 0 10.233000 -2 0 10.228000 -2 0 10.276000 -2 0 10.216000 -2 0 10.275000 -2 0 10.317000 
-2 11264 60.431000 -2 15360 10.289000 -2 1024 10.333000 -2 0 10.305000 -2 1024 10.269000 -2 2048 10.365000 -2 4096 10.290000 -2 3072 10.289000 -2 0 10.324000 -2 0 10.267000 -2 1024 10.289000 -2 0 10.418000 -2 0 10.283000 -2 0 10.259000 -2 0 10.340000 -2 0 10.269000 -2 0 10.262000 -2 0 10.406000 
-2 5120 60.527000 -2 2048 10.292000 -2 18432 10.354000 -2 8192 10.228000 -2 12288 10.228000 -2 5120 10.314000 -2 1024 10.221000 -2 0 10.196000 -2 0 10.235000 -2 0 10.232000 -2 0 10.272000 -2 0 10.326000 -2 0 10.254000 -2 0 10.300000 -2 0 10.431000 -2 0 10.262000 -2 0 10.305000 -2 0 10.367000 
-2 5120 60.387001 -2 2048 10.254000 -2 25600 10.346000 -2 4096 10.287000 -2 29696 10.254000 -2 3072 10.255000 -2 0 10.271973 -2 2048 10.275000 -2 0 10.328000 -2 1024 10.270000 -2 0 10.295000 -2 0 10.243000 -2 0 10.283000 -2 0 10.289000 -2 0 10.248000 -2 0 10.313000 -2 0 10.303000 -2 0 10.241000 
-2 3072 60.424999 -2 3072 10.445000 -2 1024 10.303000 -2 4096 10.354000 -2 0 10.280000 -2 0 10.231000 -2 0 10.219000 -2 1024 10.309000 -2 2048 10.294000 -2 0 10.192000 -2 0 10.194000 -2 0 10.258000 -2 0 10.225000 -2 0 10.167000 -2 0 10.218000 -2 0 10.213000 -2 0 10.218000 -2 0 10.334000 
-2 18432 60.359001 -2 26624 10.317000 -2 2048 10.390000 -2 5120 10.315000 -2 7168 10.253000 -2 4096 10.342000 -2 0 10.235000 -2 0 10.211000 -2 1024 10.373000 -2 1024 10.265000 -2 0 10.266000 -2 0 10.346000 -2 0 10.287000 -2 0 10.231000 -2 0 10.268000 -2 0 10.247000 -2 0 10.218000 -2 0 10.187000 
-2 29696 60.354000 -2 -12288 10.326000 -2 28672 10.283000 -2 7168 10.264000 -2 8192 10.306000 -2 4096 10.351000 -2 2048 10.289000 -2 2048 10.385000 -2 1024 10.397000 -2 0 10.318000 -2 0 10.273000 -2 0 10.394000 -2 0 10.297000 -2 0 10.351000 -2 0 10.366000 -2 0 10.272000 -2 0 10.266000 -2 0 10.404000 
-2 -13312 60.554001 256 -7168 10.349000 -2 12288 10.259000 -2 0 10.227000 -2 2048 10.179000 -2 0 10.352000 -2 1024 10.209000 -2 2048 10.215000 -2 1024 10.343000 -2 0 10.219000 -2 1024 10.270000 -2 0 10.300000 -2 0 10.213013 -2 0 10.279000 -2 0 10.328000 -2 0 10.225000 -2 0 10.235000 -2 0 10.291000 
-2 -13312 60.355999 -2 -17408 10.282000 -2 1024 10.235000 -2 2048 10.214000 -2 0 10.268000 -2 1024 10.260000 -2 0 10.234000 -2 2048 10.274000 -2 0 10.298000 -2 0 10.212000 -2 0 10.307000 -2 1024 10.293000 -2 0 10.214000 -2 0 10.309000 -2 0 10.383000 -2 0 10.304000 -2 0 10.310000 -2 0 10.331000 
-2 -29696 60.563000 -2 22528 10.386000 -2 0 10.360000 -2 0 10.264000 -2 0 10.233000 -2 1024 10.367000 -2 0 10.270000 -2 1024 10.307000 -2 1024 10.358000 -2 1024 10.282000 -2 0 10.270000 -2 1024 10.386000 -2 0 10.261000 -2 0 10.259000 -2 0 10.298000 -2 0 10.217000 -2 0 10.245000 -2 0 10.364000 
-2 3072 60.497002 -2 4096 10.248000 -2 2048 10.373000 -2 2048 10.265000 -2 6144 10.239000 -2 1024 10.376000 -2 1024 10.254000 -2 0 10.186000 -2 0 10.309000 -2 0 10.233000 -2 0 10.187000 -2 1024 10.262000 -2 0 10.226000 -2 0 10.222000 -2 0 10.298000 -2 0 10.282000 -2 0 10.257000 -2 0 10.316000 
-2 3072 60.408001 -2 15360 10.212000 -2 4096 10.193000 -2 20480 10.218000 -2 3072 10.234000 -2 10240 10.188000 -2 1024 10.203000 -2 1024 10.223000 -2 1024 10.256000 -2 1024 10.223000 -2 0 10.212000 -2 1024 10.297000 -2 0 10.210000 -2 0 10.181000 -2 0 10.294000 -2 0 10.225000 -2 0 10.205000 -2 0 10.217000 
-2 4096 60.456970 -2 0 10.293000 -2 15360 10.323000 -2 23552 10.220000 -2 11264 10.300000 -2 14336 10.336000 -2 2048 10.223000 -2 0 10.283000 -2 1024 10.293000 -2 0 10.287000 -2 0 10.228000 -2 0 10.367000 -2 0 10.278000 -2 0 10.285000 -2 0 10.290000 -2 0 10.256000 -2 0 10.278000 -2 0 10.324000 
-2 4096 60.553001 -2 1024 10.347000 -2 9216 10.323000 -2 7168 10.283000 -2 4096 10.238000 -2 7168 10.399000 -2 0 10.281000 -2 2048 10.273000 -2 0 10.314000 -2 1024 10.216000 -2 0 10.282000 -2 0 10.282000 -2 0 10.222000 -2 0 10.226000 -2 0 10.307000 -2 0 10.223000 -2 0 10.217000 -2 0 10.273000 
-2 20480 60.542999 -2 29696 10.345000 -2 15360 10.334000 -2 24576 10.283000 -2 14336 10.326000 -2 3072 10.371000 -2 0 10.253000 -2 1024 10.271000 -2 0 10.374000 -2 0 10.256000 -2 0 10.232000 -2 0 10.289000 -2 0 10.289000 -2 0 10.312000 -2 0 10.361000 -2 0 10.283000 -2 0 10.293000 -2 0 10.268000 
-2 1024 60.470001 -2 -19456 10.270000 -2 12288 10.341000 -2 8192 10.294000 -2 1024 10.312000 -2 1024 10.327000 -2 1024 10.268000 -2 0 10.269000 -2 0 10.350000 -2 1024 10.259000 -2 0 10.259000 -2 1024 10.351000 -2 0 10.256000 -2 0 10.225000 -2 0 10.249000 -2 0 10.215000 -2 0 10.227000 -2 0 10.249000 
-2 -9216 60.526001 -2 13312 10.370972 -2 13312 10.314000 -2 5120 10.263000 -2 10240 10.248000 -2 3072 10.276000 -2 0 10.287000 -2 0 10.317000 -2 0 10.425000 -2 0 10.301000 -2 0 10.307000 -2 1024 10.363000 -2 0 10.302000 -2 0 10.258000 -2 0 10.410000 -2 0 10.295000 -2 0 10.254000 -2 0 10.315000 
-2 18432 60.509998 -2 5120 10.328000 -2 9216 10.274000 -2 8192 10.260000 -2 4096 10.288000 -2 3072 10.335000 -2 0 10.234000 -2 1024 10.217000 -2 0 10.244000 -2 0 10.232000 -2 1024 10.304000 -2 1024 10.365000 -2 0 10.345000 -2 0 10.286000 -2 0 10.373000 -2 0 10.302000 -2 0 10.287000 -2 0 10.421000 
768 20480 60.555000 -2 9216 10.359000 -2 -30720 10.293000 -2 31744 10.292000 -2 9216 10.346000 -2 14336 10.415000 -2 1024 10.363000 -2 0 10.337000 -2 0 10.321000 -2 0 10.253000 -2 0 10.266000 -2 0 10.254000 -2 0 10.251000 -2 0 10.267000 -2 0 10.328000 -2 0 10.231000 -2 0 10.218000 -2 0 10.354000 
-2 23552 60.452999 -2 13312 10.321000 -2 -20480 10.344000 -2 -21504 10.235000 -2 16384 10.311000 -2 17408 10.269000 -2 0 10.275000 -2 0 10.330000 -2 0 10.293000 -2 0 10.219000 -2 0 10.243000 -2 0 10.354000 -2 0 10.286000 -2 0 10.296000 -2 0 10.214000 -2 0 10.254000 -2 0 10.300000 -2 0 10.419000 
-2 4096 60.362999 -2 8192 10.343000 -2 11264 10.319000 -2 7168 10.307000 -2 9216 10.244000 512 9216 10.373000 -2 0 10.296021 -2 0 10.284000 -2 0 10.362000 -2 0 10.327000 -2 0 10.340000 -2 0 10.370000 -2 0 10.265000 -2 0 10.342000 -2 0 10.371000 -2 0 10.282000 -2 0 10.263000 -2 0 10.345000 
-2 3072 60.449001 -2 0 10.318000 -2 31744 10.274000 -2 25600 10.292000 -2 11264 10.300000 -2 15360 10.404000 -2 0 10.276000 -2 0 10.273000 -2 0 10.386000 -2 0 10.313000 -2 1024 10.307000 -2 1024 10.355000 -2 0 10.252000 -2 0 10.323000 -2 0 10.294000 -2 0 10.198000 -2 0 10.164000 -2 0 10.328000 
-2 0 60.460999 -2 4096 10.280000 -2 28672 10.247000 -2 28672 10.218000 -2 1024 10.281000 -2 10240 10.290000 -2 0 10.275000 -2 1024 10.333000 -2 0 10.293000 -2 0 10.232000 -2 0 10.309000 -2 2048 10.344000 -2 0 10.257000 -2 0 10.200000 -2 0 10.330000 -2 0 10.212000 -2 0 10.205000 -2 0 10.245000 
-2 5120 60.431000 -2 5120 10.255000 -2 9216 10.227000 -2 5120 10.257000 -2 14336 10.285000 -2 18432 10.250000 -2 3072 10.403000 -2 0 10.302000 -2 0 10.383000 -2 0 10.249000 -2 0 10.240000 -2 1024 10.320000 -2 0 10.224000 -2 0 10.219000 -2 0 10.343000 -2 0 10.245000 -2 0 10.231000 -2 0 10.274000 
-2 0 60.521999 -2 1024 10.279000 -2 -27648 10.296000 -2 -22528 10.285000 -2 22528 10.205000 -2 19456 10.284000 -2 0 10.247000 -2 0 10.219000 -2 0 10.305000 -2 1024 10.290000 -2 1024 10.293000 -2 1024 10.389000 -2 0 10.249023 -2 0 10.265000 -2 0 10.310000 -2 0 10.265000 -2 0 10.238000 -2 0 10.328000 
-2 0 60.243000 -2 3072 10.300000 -2 -14336 10.270000 -2 -20480 10.229000 -2 7168 10.220000 -2 12288 10.257000 -2 0 10.219000 -2 0 10.271000 -2 0 10.297000 -2 0 10.242000 -2 0 10.226000 -2 0 10.261000 -2 0 10.214000 -2 0 10.225000 -2 0 10.306000 -2 0 10.224000 -2 0 10.231000 -2 0 10.288000 
-2 0 60.348000 -2 7168 10.215000 -2 20480 10.210000 -2 25600 10.332000 -2 0 10.232000 -2 6144 10.212000 -2 0 10.230000 -2 0 10.221000 -2 0 10.204000 -2 0 10.292000 -2 0 10.195000 -2 0 10.225000 -2 0 10.258000 -2 0 10.225000 -2 0 10.231000 -2 0 10.282000 -2 0 10.211000 -2 0 10.267000 
-2 4096 60.369999 -2 0 10.284000 -2 -25600 10.324000 -2 27648 10.212000 -2 15360 10.240000 -2 21504 10.296000 -2 0 10.239000 -2 0 10.186000 -2 1024 10.284000 -2 0 10.262000 -2 1024 10.276000 -2 0 10.297000 -2 0 10.214000 -2 0 10.269000 -2 0 10.248000 -2 0 10.237000 -2 0 10.270000 -2 0 10.297000 
-2 0 60.424999 -2 1024 10.299000 -2 -10240 10.330000 -2 -12288 10.229000 -2 13312 10.282000 -2 15360 10.308000 -2 0 10.251000 -2 0 10.330000 -2 0 10.330000 -2 1024 10.246000 -2 0 10.309000 -2 1024 10.289000 -2 0 10.257000 -2 0 10.303000 -2 0 10.318000 -2 0 10.259000 -2 0 10.279000 -2 0 10.334000 
-2 0 60.408997 -2 0 10.303000 -2 -22528 10.344000 -2 27648 10.298000 -2 3072 10.236000 -2 1024 10.291000 -2 0 10.329000 -2 0 10.365000 -2 0 10.356000 -2 0 10.317000 -2 0 10.311000 -2 0 10.360000 -2 0 10.277000 -2 0 10.294000 -2 0 10.361000 -2 0 10.307000 -2 0 10.353000 -2 0 10.385000 
-2 3072 60.494999 -2 5120 10.337000 -2 9216 10.302000 -2 28672 10.224000 -2 24576 10.230000 -2 19456 10.286000 -2 0 10.274000 -2 0 10.311000 -2 0 10.351000 -2 0 10.311000 -2 0 10.271000 -2 0 10.410000 -2 0 10.319000 -2 0 10.340000 -2 0 10.354000 -2 0 10.295000 -2 0 10.325000 -2 0 10.325000 
-2 0 60.452000 -2 3072 10.288000 -2 -9216 10.270000 -2 -14336 10.259000 -2 26624 10.271000 -2 31744 10.297000 -2 0 10.285000 -2 0 10.309000 -2 0 10.346000 -2 1024 10.295000 -2 0 10.272000 -2 0 10.252000 -2 0 10.256000 -2 0 10.253000 -2 0 10.330000 -2 0 10.302000 -2 0 10.350000 -2 0 10.379000 
-2 0 60.554001 -2 4096 10.377000 -2 -21504 10.315000 -2 -21504 10.317000 -2 5120 10.307000 -2 3072 10.377000 -2 0 10.291000 -2 0 10.306000 -2 0 10.320000 -2 1024 10.288000 -2 0 10.259000 -2 0 10.346000 -2 0 10.218000 -2 0 10.248000 -2 0 10.321000 -2 0 10.254000 -2 0 10.299000 -2 0 10.426000 
-2 1024 60.403992 -2 10240 10.273000 -2 16384 10.316000 -2 17408 10.248000 -2 0 10.229000 -2 5120 10.376000 -2 0 10.305000 -2 0 10.231000 -2 2048 10.308000 -2 0 10.250000 -2 0 10.264000 -2 0 10.285000 -2 0 10.204000 -2 0 10.261000 -2 0 10.315000 -2 0 10.235000 -2 0 10.238000 -2 0 10.235000 
-2 4096 60.409000 -2 18432 10.337000 -2 2048 10.370000 -2 14336 10.436000 -2 13312 10.303000 -2 16384 10.350000 -2 5120 10.248000 -2 4096 10.304000 -2 0 10.303000 -2 0 10.217000 -2 1024 10.228000 -2 0 10.307000 -2 0 10.221000 -2 0 10.230000 -2 0 10.252000 -2 0 10.215000 -2 0 10.203000 -2 0 10.306000 
-2 18432 60.462002 -2 11264 10.344000 -2 -15360 10.342000 -2 7168 10.230000 -2 10240 10.294000 256 26624 10.284000 -2 9216 10.213000 -2 6144 10.276000 -2 1024 10.270000 -2 0 10.216000 -2 1024 10.218000 -2 0 10.302000 -2 0 10.229000 -2 0 10.235000 -2 0 10.368000 -2 0 10.265000 -2 0 10.305000 -2 0 10.347000 
-2 27648 60.417999 -2 14336 10.296000 -2 20480 10.327000 -2 3072 10.280000 -2 0 10.253000 -2 7168 10.270000 -2 2048 10.285000 -2 2048 10.281000 -2 1024 10.308000 -2 1024 10.234000 -2 0 10.247000 -2 0 10.277000 -2 0 10.287000 -2 0 10.291000 -2 0 10.338000 -2 0 10.305000 -2 0 10.290000 -2 0 10.383000 
-2 7168 60.570999 -2 9216 10.356000 -2 2048 10.327000 -2 4096 10.230000 -2 1024 10.276000 -2 3072 10.307000 -2 6144 10.216980 -2 0 10.190000 -2 0 10.290000 -2 1024 10.249000 -2 3072 10.224000 -2 1024 10.292000 -2 0 10.232000 -2 0 10.272000 -2 0 10.312000 -2 0 10.295000 -2 0 10.289000 -2 0 10.437000 
-2 21504 60.566002 256 4096 10.366000 -2 6144 10.373000 -2 3072 10.256000 -2 1024 10.327000 -2 1024 10.387000 -2 12288 10.259000 -2 7168 10.258000 -2 0 10.379000 -2 2048 10.269000 -2 0 10.270000 -2 1024 10.358000 -2 0 10.302000 -2 0 10.299000 -2 0 10.372000 -2 0 10.281000 -2 0 10.338000 -2 0 10.371000 
-2 9216 60.269001 -2 23552 10.193000 -2 22528 10.294000 -2 2048 10.196000 -2 1024 10.259000 -2 0 10.331000 -2 8192 10.242000 -2 3072 10.216000 -2 0 10.293000 -2 1024 10.235000 -2 0 10.223000 -2 0 10.275000 -2 0 10.249000 -2 0 10.231000 -2 0 10.331000 -2 0 10.232000 -2 0 10.243000 -2 0 10.294000 
-2 16384 60.554001 -2 2048 10.367000 -2 2048 10.347000 -2 0 10.251000 -2 0 10.335000 -2 0 10.430000 -2 0 10.290000 -2 0 10.302000 -2 0 10.378000 -2 1024 10.293000 -2 0 10.301000 -2 1024 10.277000 -2 0 10.285000 -2 0 10.291000 -2 0 10.408000 -2 0 10.315000 -2 0 10.278000 -2 0 10.410000 
-2 2048 60.509998 -2 6144 10.362000 -2 0 10.403000 -2 1024 10.264000 -2 0 10.329000 768 4096 10.322000 -2 0 10.245000 -2 0 10.255000 -2 1024 10.343000 -2 2048 10.219000 -2 1024 10.232000 -2 0 10.383000 -2 0 10.307983 -2 0 10.277000 -2 0 10.392000 -2 0 10.313000 -2 0 10.259000 -2 0 10.376000 
-2 12288 60.540001 -2 5120 10.365000 -2 3072 10.411000 -2 4096 10.348000 -2 0 10.305000 -2 2048 10.425000 -2 8192 10.284000 -2 0 10.245000 256 5120 10.364000 -2 4096 10.287000 -2 1024 10.274000 -2 0 10.348000 -2 0 10.307000 -2 0 10.250000 -2 0 10.323000 -2 0 10.326000 -2 0 10.244000 -2 0 10.295000 
-2 -4096 60.527000 -2 5120 10.252000 -2 1024 10.310000 -2 1024 10.336000 -2 0 10.275000 -2 0 10.289000 -2 12288 10.237000 -2 0 10.249000 -2 6144 10.227000 -2 7168 10.215000 -2 1024 10.256000 -2 0 10.319000 -2 0 10.240000 -2 0 10.251000 -2 0 10.338000 -2 0 10.260000 -2 0 10.239000 -2 0 10.277000 
-2 11264 60.473000 -2 -10240 10.269000 -2 0 10.272000 -2 0 10.233000 -2 1024 10.180000 -2 0 10.210000 -2 2048 10.210000 -2 3072 10.252000 -2 0 10.359000 -2 1024 10.310000 -2 0 10.269000 -2 0 10.349000 -2 0 10.291000 -2 0 10.306000 -2 0 10.379000 -2 0 10.289000 -2 0 10.345000 -2 0 10.312000 
-2 2048 60.515999 -2 2048 10.358000 -2 3072 10.391000 -2 2048 10.288000 -2 0 10.340000 -2 1024 10.416000 -2 1024 10.253000 -2 4096 10.300000 -2 0 10.346000 -2 0 10.240000 -2 0 10.291000 -2 0 10.357000 -2 0 10.223000 -2 0 10.207000 -2 0 10.317000 -2 0 10.199000 -2 0 10.218000 -2 0 10.257996 
-2 16384 60.558998 -2 7168 10.243000 -2 5120 10.279000 -2 4096 10.228000 -2 5120 10.321000 -2 8192 10.261000 -2 2048 10.264000 -2 4096 10.276000 -2 1024 10.302000 -2 2048 10.218000 -2 0 10.266000 -2 0 10.339000 -2 0 10.217000 -2 0 10.227000 -2 0 10.303000 -2 0 10.248000 -2 0 10.210000 -2 0 10.239000 
-2 -28672 60.526001 -2 29696 10.269000 -2 3072 10.291000 -2 2048 10.233000 -2 1024 10.294000 -2 3072 10.262000 -2 2048 10.255000 -2 4096 10.289000 -2 2048 10.233000 -2 12288 10.264000 -2 0 10.257000 -2 0 10.394000 -2 0 10.221000 -2 0 10.233000 -2 0 10.261000 -2 0 10.236000 -2 0 10.254000 -2 0 10.245000 
768 31744 60.410000 -2 29696 10.226000 -2 2048 10.219000 -2 1024 10.196000 -2 0 10.228000 -2 3072 10.340000 -2 2048 10.242000 -2 2048 10.294000 -2 1024 10.449000 -2 9216 10.281000 -2 0 10.272000 -2 0 10.326000 -2 0 10.263000 -2 0 10.247000 -2 0 10.347000 -2 0 10.290000 -2 0 10.276000 -2 0 10.301000 
-2 25600 60.514000 -2 29696 10.260000 -2 3072 10.244000 -2 0 10.383000 -2 0 10.253000 -2 0 10.296000 -2 0 10.369000 -2 4096 10.261000 512 2048 10.274000 -2 3072 10.419000 -2 0 10.291000 -2 0 10.246000 -2 0 10.341000 -2 0 10.219000 -2 0 10.274000 -2 1024 10.271000 -2 0 10.273000 -2 0 10.385000 
-2 20480 60.429993 -2 28672 10.436000 -2 0 10.298000 -2 0 10.329000 -2 0 10.266000 -2 0 10.259000 -2 0 10.237000 -2 1024 10.319000 256 0 10.307000 -2 0 10.230000 -2 0 10.268000 -2 0 10.324000 -2 0 10.270000 -2 0 10.222000 -2 0 10.362000 -2 0 10.290000 -2 0 10.246000 -2 0 10.288000 
-2 14336 60.499001 -2 29696 10.288000 -2 2048 10.303000 -2 1024 10.315000 -2 1024 10.225000 -2 1024 10.281000 -2 2048 10.199000 -2 0 10.223000 512 0 10.220000 -2 0 10.196000 -2 0 10.239000 -2 0 10.301000 -2 0 10.202000 -2 0 10.224000 -2 0 10.267000 -2 0 10.223000 -2 0 10.207000 -2 0 10.225000 
-2 2048 60.356998 -2 3072 10.331000 -2 2048 10.203000 -2 1024 10.228000 -2 1024 10.210000 -2 4096 10.354000 -2 0 10.277000 -2 1024 10.279000 512 0 10.330000 -2 0 10.235000 -2 0 10.266000 -2 0 10.201000 -2 0 10.190000 -2 0 10.161000 -2 0 10.221000 -2 0 10.189000 -2 0 10.247000 -2 0 10.295000 
-2 2048 60.407001 -2 2048 10.226000 -2 3072 10.360000 -2 10240 10.229000 -2 12288 10.213000 -2 8192 10.238000 -2 0 10.216000 -2 0 10.202000 256 0 10.234000 -2 0 10.205000 -2 0 10.208000 -2 0 10.269000 -2 0 10.198000 -2 0 10.234000 -2 0 10.245000 -2 0 10.217000 -2 0 10.266000 -2 0 10.214000 
-2 0 60.316002 -2 0 10.250000 -2 15360 10.240000 -2 14336 10.204000 -2 13312 10.200000 -2 17408 10.232000 -2 0 10.258972 -2 0 10.200000 256 0 10.251000 -2 0 10.223000 -2 0 10.314000 -2 0 10.255000 -2 0 10.224000 -2 0 10.232000 -2 0 10.336000 -2 0 10.205000 -2 0 10.213000 -2 0 10.270000 
-2 0 60.423000 -2 0 10.231000 -2 10240 10.183000 -2 5120 10.176000 -2 1024 10.193000 -2 0 10.163000 -2 0 10.215000 -2 1024 10.202000 256 0 10.295000 -2 0 10.245000 -2 0 10.234000 -2 0 10.230000 -2 0 10.239000 -2 0 10.225000 -2 0 10.257000 -2 0 10.219000 -2 0 10.241000 -2 1024 10.422000 
-2 2048 60.381001 -2 3072 10.366000 -2 12288 10.362000 -2 5120 10.253000 -2 7168 10.261000 -2 9216 10.436000 -2 1024 10.296000 -2 0 10.274000 256 0 10.323000 -2 0 10.274000 -2 0 10.279000 -2 0 10.420000 -2 0 10.264000 -2 0 10.303000 -2 0 10.345000 -2 0 10.300000 -2 0 10.284000 -2 0 10.410000 
-2 12288 60.562000 -2 3072 10.355000 -2 23552 10.315000 -2 25600 10.280000 -2 19456 10.277000 -2 19456 10.381000 -2 1024 10.280000 -2 2048 10.286000 256 0 10.384000 -2 0 10.251000 -2 0 10.252000 -2 0 10.287000 -2 0 10.271000 -2 0 10.245000 -2 0 10.310000 -2 0 10.278000 -2 0 10.257000 -2 0 10.276000 
-2 16384 60.492001 -2 2048 10.367000 -2 14336 10.301000 -2 15360 10.277000 -2 6144 10.225000 -2 15360 10.271000 -2 1024 10.217000 -2 1024 10.273000 -2 2048 10.229000 -2 1024 10.232000 -2 0 10.267000 -2 0 10.363000 -2 0 10.265991 -2 0 10.284000 -2 0 10.316000 -2 0 10.286000 -2 0 10.243000 -2 0 10.352000 
-2 3072 60.488998 -2 1024 10.351000 -2 1024 10.408000 -2 9216 10.289000 -2 2048 10.251000 -2 7168 10.379000 -2 0 10.483000 -2 0 10.261000 -2 1024 10.350000 -2 0 10.272000 -2 0 10.247000 -2 0 10.296000 -2 0 10.313000 -2 0 10.274000 -2 0 10.358000 -2 0 10.312000 -2 0 10.267000 -2 0 10.309000 
-2 -23552 60.501999 -2 30720 10.291000 -2 0 10.307000 -2 10240 10.356000 -2 3072 10.233000 -2 7168 10.318000 -2 1024 10.283000 -2 0 10.256000 -2 1024 10.268000 -2 1024 10.234000 -2 0 10.281000 -2 0 10.203000 -2 0 10.209000 -2 0 10.243000 -2 0 10.278000 -2 0 10.239000 -2 0 10.195000 -2 0 10.270000 
-2 -21504 60.480999 -2 -28672 10.226000 -2 1024 10.271000 -2 3072 10.236000 -2 2048 10.295000 -2 1024 10.264000 -2 0 10.204000 -2 0 10.247000 -2 0 10.312000 -2 0 10.251000 -2 0 10.237000 -2 0 10.438000 -2 0 10.253000 -2 0 10.272000 -2 0 10.465000 -2 0 10.239000 -2 0 10.262000 -2 0 10.351000 
-2 22528 60.490002 -2 24576 10.316000 -2 2048 10.364000 -2 0 10.232000 -2 0 10.249000 -2 1024 10.356000 -2 0 10.241000 -2 0 10.259000 -2 0 10.362000 -2 0 10.296000 -2 0 10.248000 -2 0 10.309000 -2 0 10.263000 -2 0 10.235000 -2 0 10.261000 -2 0 10.251000 -2 0 10.339000 -2 0 10.306000 
-2 9216 60.427979 -2 22528 10.405000 -2 8192 10.284000 -2 3072 10.233000 -2 2048 10.281000 -2 1024 10.277000 -2 1024 10.188000 -2 0 10.222000 -2 1024 10.327000 -2 0 10.205000 -2 0 10.216000 -2 0 10.252000 -2 0 10.221000 -2 0 10.205000 -2 0 10.170000 -2 0 10.206000 -2 0 10.252000 -2 0 10.326000 
-2 2048 60.370998 -2 27648 10.310000 -2 21504 10.367000 -2 1024 10.223000 -2 4096 10.221000 -2 1024 10.309000 -2 0 10.250000 -2 0 10.176000 -2 1024 10.208000 -2 0 10.216000 -2 0 10.241000 -2 0 10.323000 -2 0 10.254000 -2 0 10.287000 -2 0 10.347000 -2 0 10.314000 -2 0 10.278000 -2 0 10.414000 
-2 2048 60.453999 -2 26624 10.377000 -2 25600 10.331000 -2 2048 10.303000 -2 7168 10.254000 -2 1024 10.382000 -2 0 10.415000 -2 0 10.289000 -2 1024 10.358000 -2 0 10.220000 -2 0 10.256000 -2 0 10.328000 -2 0 10.236000 -2 0 10.240000 -2 0 10.371000 -2 0 10.283000 -2 0 10.243000 -2 0 10.301000 
-2 0 60.483002 -2 15360 10.291000 -2 27648 10.321000 -2 5120 10.311000 -2 12288 10.261000 -2 1024 10.335000 -2 0 10.274000 -2 0 10.233000 -2 1024 10.222000 -2 0 10.188000 -2 0 10.194000 -2 0 10.197000 -2 0 10.202000 -2 0 10.211000 -2 0 10.278000 -2 0 10.211000 -2 0 10.215000 -2 0 10.284000 
-2 0 60.506001 -2 9216 10.331970 -2 24576 10.393000 -2 1024 10.319000 -2 13312 10.274000 -2 0 10.335000 -2 0 10.293000 -2 1024 10.308000 -2 1024 10.374000 -2 0 10.274000 -2 0 10.288000 -2 0 10.254000 -2 0 10.227000 -2 0 10.213000 -2 0 10.340000 -2 0 10.217000 -2 0 10.195000 -2 0 10.318000 
-2 0 60.497002 -2 3072 10.281000 -2 16384 10.281000 -2 0 10.245000 -2 8192 10.243000 -2 1024 10.279000 -2 0 10.245000 -2 1024 10.224000 -2 0 10.249000 -2 0 10.267000 -2 0 10.189000 -2 0 10.298000 -2 0 10.226000 -2 0 10.197000 -2 0 10.329000 -2 0 10.241000 -2 0 10.282000 -2 0 10.307000 
-2 1024 60.449001 -2 18432 10.292000 -2 4096 10.276000 -2 2048 10.238000 -2 4096 10.279000 -2 5120 10.294000 -2 2048 10.257000 -2 0 10.269000 -2 5120 10.319000 -2 4096 10.229000 -2 0 10.209000 -2 0 10.310000 -2 0 10.216000 -2 0 10.264000 -2 0 10.329000 -2 0 10.262000 -2 0 10.294000 -2 0 10.408000 
-2 2048 60.537998 -2 27648 10.375000 -2 16384 10.395000 -2 1024 10.296000 -2 12288 10.334000 -2 5120 10.357000 -2 1024 10.264000 -2 1024 10.298000 -2 5120 10.405000 -2 3072 10.294000 -2 0 10.305000 -2 0 10.382000 -2 0 10.353000 -2 0 10.272000 -2 0 10.364000 -2 0 10.237000 -2 0 10.275000 -2 0 10.321000 
-2 4096 60.458000 -2 31744 10.323000 -2 8192 10.346000 -2 0 10.267000 -2 7168 10.293000 -2 2048 10.402000 -2 2048 10.250977 -2 1024 10.259000 -2 1024 10.429000 -2 0 10.254000 -2 0 10.282000 -2 0 10.392000 -2 0 10.250000 -2 0 10.241000 -2 0 10.340000 -2 0 10.245000 -2 0 10.264000 -2 0 10.324000 
-2 0 60.396999 -2 -23552 10.253000 -2 1024 10.216000 -2 0 10.303000 -2 1024 10.313000 -2 1024 10.312000 -2 3072 10.410000 -2 0 10.320000 -2 2048 10.306000 -2 0 10.368000 -2 0 10.283000 -2 0 10.286000 -2 0 10.410000 -2 0 10.320000 -2 0 10.341000 -2 0 10.368000 -2 0 10.305000 -2 0 10.344000 
-2 1024 60.520000 -2 -23552 10.368000 -2 1024 10.410000 -2 4096 10.301000 -2 0 10.279000 -2 0 10.267000 -2 1024 10.255000 -2 1024 10.259000 -2 3072 10.253000 -2 1024 10.268000 -2 0 10.289000 -2 0 10.372000 -2 0 10.262000 -2 0 10.242000 -2 0 10.324000 -2 0 10.264000 -2 0 10.241000 -2 0 10.350000 
-2 0 60.487000 -2 30720 10.408000 -2 0 10.345000 -2 6144 10.318000 -2 0 10.264000 -2 4096 10.288000 -2 2048 10.288000 -2 0 10.309000 -2 2048 10.361000 -2 1024 10.250000 -2 0 10.343000 -2 1024 10.320000 -2 0 10.285000 -2 0 10.265000 -2 0 10.384000 -2 0 10.302000 -2 0 10.242000 -2 0 10.265000 
-2 1024 60.452999 -2 3072 10.327000 -2 7168 10.300000 -2 3072 10.256000 -2 6144 10.202000 -2 1024 10.267000 -2 0 10.242000 -2 0 10.261000 -2 2048 10.315000 -2 2048 10.237000 -2 0 10.274000 -2 0 10.318000 -2 0 10.226990 -2 0 10.348000 -2 0 10.246000 -2 0 10.232000 -2 0 10.229000 -2 0 10.298000 
-2 1024 60.384998 -2 0 10.332000 -2 25600 10.301000 -2 12288 10.232000 -2 -32768 10.235000 -2 4096 10.331000 -2 0 10.204000 -2 0 10.243000 -2 4096 10.273000 -2 3072 10.245000 -2 0 10.208000 -2 0 10.260000 -2 0 10.229000 -2 0 10.249000 -2 0 10.279000 -2 0 10.180000 -2 0 10.202000 -2 0 10.325000 
-2 9216 60.407001 -2 0 10.276000 -2 30720 10.246000 -2 18432 10.216000 -2 -26624 10.271000 -2 2048 10.304000 -2 0 10.235000 -2 0 10.183000 -2 2048 10.316000 -2 4096 10.260000 -2 0 10.340000 -2 0 10.372000 -2 0 10.259000 -2 0 10.370000 -2 0 10.313000 -2 0 10.302000 -2 0 10.310000 -2 0 10.365000 
-2 10240 60.522999 -2 0 10.357000 -2 31744 10.309000 -2 19456 10.289000 -2 31744 10.300000 -2 1024 10.360000 -2 0 10.295000 -2 0 10.268000 256 1024 10.392000 -2 0 10.289000 -2 0 10.256000 -2 0 10.381000 -2 0 10.260000 -2 0 10.260000 -2 0 10.331000 -2 0 10.281000 -2 0 10.209000 -2 0 10.294000 
-2 11264 60.543999 -2 2048 10.263000 -2 -19456 10.291000 -2 20480 10.258000 -2 0 10.254000 -2 2048 10.276000 -2 0 10.239000 -2 0 10.275000 -2 3072 10.219000 -2 3072 10.200000 -2 0 10.212000 -2 0 10.289000 -2 0 10.241000 -2 0 10.203000 -2 0 10.227000 -2 0 10.212000 -2 0 10.296000 -2 0 10.213000 
-2 23552 60.351990 -2 4096 10.303000 -2 -26624 10.242000 -2 3072 10.198000 -2 0 10.242000 -2 4096 10.265000 -2 0 10.268000 -2 0 10.276000 -2 2048 10.328000 -2 2048 10.238000 -2 0 10.217000 -2 0 10.226000 -2 0 10.265000 -2 1024 10.227000 -2 0 10.251000 -2 0 10.216000 -2 0 10.275000 -2 0 10.305000 
-2 14336 60.452999 -2 1024 10.272000 -2 26624 10.255000 -2 1024 10.231000 -2 1024 10.273000 -2 6144 10.295000 -2 1024 10.251000 -2 0 10.231000 -2 1024 10.274000 -2 0 10.250000 -2 0 10.344000 -2 0 10.356000 -2 0 10.309000 -2 1024 10.347000 -2 0 10.394000 -2 0 10.321000 -2 0 10.290000 -2 0 10.332000 
-2 1024 60.500999 -2 2048 10.373000 -2 5120 10.348000 768 2048 10.328000 -2 1024 10.325000 -2 3072 10.251000 -2 1024 10.281000 -2 0 10.303000 -2 0 10.359000 -2 0 10.308000 -2 0 10.353000 -2 0 10.365000 -2 0 10.334000 -2 0 10.330000 -2 0 10.341000 -2 0 10.337000 -2 0 10.281000 -2 0 10.336000 
-2 2048 60.532001 -2 4096 10.239000 -2 11264 10.353000 -2 -32768 10.371000 -2 2048 10.277000 -2 7168 10.396000 -2 1024 10.281000 -2 0 10.287000 -2 1024 10.422000 -2 0 10.289000 -2 0 10.299000 -2 0 10.328000 -2 0 10.308000 -2 0 10.301000 -2 0 10.333000 -2 0 10.281000 -2 0 10.269000 -2 0 10.295000 
-2 2048 60.534000 -2 2048 10.356018 -2 8192 10.290000 -2 -21504 10.258000 -2 1024 10.291000 -2 17408 10.343000 -2 0 10.267000 -2 1024 10.303000 -2 1024 10.320000 -2 3072 10.289000 -2 0 10.263000 -2 0 10.371000 -2 0 10.251000 -2 0 10.297000 -2 0 10.354000 -2 0 10.294000 -2 0 10.327000 -2 0 10.357000 
-2 1024 60.505001 -2 1024 10.356000 -2 5120 10.288000 -2 -16384 10.276000 -2 4096 10.288000 -2 12288 10.268000 -2 1024 10.243000 -2 0 10.237000 -2 4096 10.337000 -2 5120 10.212000 -2 1024 10.210000 -2 0 10.275000 -2 0 10.214000 -2 0 10.224000 -2 0 10.233000 -2 0 10.258000 -2 0 10.347000 -2 0 10.325000 
-2 2048 60.404999 -2 2048 10.379000 -2 10240 10.269000 -2 8192 10.242000 -2 1024 10.251000 -2 10240 10.384000 -2 1024 10.228000 -2 0 10.216000 -2 3072 10.318000 -2 3072 10.245000 -2 1024 10.233000 -2 0 10.275000 -2 0 10.225000 -2 0 10.295000 -2 0 10.271000 -2 0 10.237000 -2 0 10.270000 -2 0 10.337000 
-2 0 60.528999 -2 8192 10.380000 -2 12288 10.383000 -2 23552 10.251000 -2 23552 10.284000 -2 14336 10.332000 -2 1024 10.256000 -2 2048 10.259000 -2 8192 10.378000 -2 2048 10.258000 -2 0 10.239000 -2 1024 10.328000 -2 0 10.256000 -2 0 10.238000 -2 0 10.363000 -2 0 10.243000 -2 0 10.285000 -2 0 10.327000 
-2 0 60.459000 -2 14336 10.301000 -2 29696 10.284000 -2 28672 10.220000 -2 30720 10.268000 -2 23552 10.326000 -2 2048 10.213013 -2 1024 10.244000 -2 5120 10.327000 -2 7168 10.212000 -2 0 10.267000 -2 0 10.261000 -2 0 10.214000 -2 0 10.276000 -2 0 10.269000 -2 0 10.226000 -2 0 10.326000 -2 0 10.295000 
-2 0 60.372002 -2 7168 10.242000 -2 29696 10.169000 -2 29696 10.208000 -2 30720 10.292000 -2 17408 10.302000 -2 1024 10.222000 -2 2048 10.250000 -2 5120 10.301000 -2 5120 10.215000 -2 0 10.309000 -2 0 10.385000 -2 0 10.274000 -2 0 10.258000 -2 0 10.287000 -2 0 10.268000 -2 0 10.278000 -2 0 10.272000 
-2 1024 60.512001 -2 2048 10.321000 -2 26624 10.282000 -2 21504 10.353000 -2 26624 10.263000 -2 10240 10.236000 -2 0 10.355000 -2 0 10.240000 -2 3072 10.351000 -2 3072 10.308000 -2 0 10.226000 -2 0 10.328000 -2 0 10.286000 -2 0 10.238000 -2 0 10.279000 -2 0 10.298000 -2 0 10.231000 -2 0 10.299000 
-2 2048 60.541000 -2 2048 10.348000 -2 26624 10.294000 -2 11264 10.296000 -2 23552 10.279000 -2 0 10.352000 -2 1024 10.280000 -2 0 10.240000 -2 2048 10.370000 -2 3072 10.264000 -2 0 10.265000 -2 0 10.390000 -2 0 10.240000 -2 0 10.310000 -2 0 10.329000 -2 0 10.270000 -2 0 10.301000 -2 0 10.415000 
-2 0 60.573002 -2 2048 10.313000 -2 1024 10.405000 -2 3072 10.256000 -2 16384 10.203000 -2 6144 10.330000 -2 1024 10.283000 -2 0 10.249000 -2 6144 10.392000 -2 3072 10.257000 -2 0 10.301000 -2 1024 10.381000 -2 0 10.239990 -2 0 10.266000 -2 0 10.248000 -2 0 10.206000 -2 0 10.279000 -2 0 10.294000 
-2 3072 60.465000 -2 7168 10.311000 -2 -25600 10.225000 -2 16384 10.214000 -2 -29696 10.261000 -2 22528 10.268000 -2 0 10.201000 -2 0 10.301000 -2 7168 10.300000 -2 5120 10.214000 -2 0 10.286000 -2 0 10.291000 -2 0 10.234000 -2 0 10.261000 -2 0 10.300000 -2 0 10.237000 -2 0 10.298000 -2 0 10.285000 
-2 5120 60.561001 -2 5120 10.343000 -2 -25600 10.366000 -2 23552 10.291000 -2 -27648 10.332000 -2 -30720 10.417000 -2 0 10.252000 -2 0 10.265000 0 5120 10.329000 -2 6144 10.265000 -2 0 10.238000 -2 0 10.315000 -2 0 10.212000 -2 0 10.235000 -2 0 10.287000 -2 0 10.225000 -2 0 10.219000 -2 0 10.310000 
-2 7168 60.425999 -2 0 10.266000 -2 26624 10.277000 -2 31744 10.357000 -2 24576 10.261000 -2 27648 10.270000 -2 0 10.416000 -2 1024 10.301000 -2 4096 10.326000 -2 4096 10.418000 -2 0 10.315000 -2 0 10.303000 -2 0 10.382000 -2 0 10.320000 -2 0 10.282000 -2 0 10.384000 -2 0 10.315000 -2 0 10.345000 
-2 9216 60.500000 -2 0 10.387000 -2 17408 10.383000 -2 -32768 10.248000 -2 14336 10.262000 -2 25600 10.407000 -2 0 10.338000 -2 0 10.294000 -2 1024 10.367000 -2 3072 10.231000 -2 0 10.198000 -2 0 10.368000 -2 0 10.266000 -2 0 10.220000 -2 0 10.241000 -2 0 10.248000 -2 0 10.255000 -2 0 10.286000 
-2 2048 60.461975 -2 0 10.408000 -2 4096 10.275000 -2 17408 10.329000 -2 2048 10.213000 -2 16384 10.154000 -2 0 10.177000 -2 0 10.201000 -2 2048 10.225000 -2 0 10.140000 -2 0 10.259000 -2 1024 10.279000 -2 0 10.298000 -2 0 10.247000 -2 0 10.274000 -2 0 10.300000 -2 0 10.273000 -2 0 10.247000 
-2 5120 60.430000 -2 0 10.305000 -2 16384 10.271000 -2 10240 10.265000 -2 11264 10.238000 -2 6144 10.275000 -2 0 10.233000 -2 0 10.245000 -2 1024 10.348000 -2 1024 10.249000 -2 0 10.259000 -2 0 10.289000 -2 0 10.273000 -2 0 10.305000 -2 0 10.331000 -2 0 10.288000 -2 0 10.260000 -2 0 10.401000 
-2 15360 60.495998 -2 6144 10.360000 -2 6144 10.347000 -2 8192 10.288000 -2 8192 10.261000 -2 20480 10.289000 -2 4096 10.263000 -2 0 10.252000 -2 2048 10.285000 -2 0 10.212000 -2 1024 10.215000 -2 1024 10.326000 -2 0 10.167000 -2 0 10.273000 -2 0 10.272000 -2 0 10.207000 -2 0 10.195000 -2 0 10.271000 
-2 -28672 60.361000 -2 27648 10.246000 -2 1024 10.246000 -2 -31744 10.207000 -2 1024 10.212000 -2 -29696 10.254000 -2 2048 10.248000 -2 0 10.203000 -2 1024 10.243000 -2 0 10.234000 -2 0 10.292000 -2 1024 10.240000 -2 0 10.202000 -2 0 10.227000 -2 0 10.347000 -2 0 10.202000 -2 0 10.209000 -2 0 10.259000 
-2 -22528 60.453999 -2 30720 10.258972 -2 0 10.261000 -2 22528 10.215000 -2 1024 10.246000 -2 29696 10.227000 -2 1024 10.278000 -2 0 10.284000 -2 1024 10.249000 -2 1024 10.248000 -2 0 10.277000 -2 0 10.299000 -2 0 10.271000 -2 0 10.321000 -2 0 10.319000 -2 0 10.240000 -2 0 10.315000 -2 0 10.286000 
-2 21504 60.448002 -2 22528 10.373000 -2 2048 10.338000 -2 4096 10.263000 -2 0 10.252000 -2 8192 10.332000 -2 1024 10.226000 -2 0 10.172000 -2 0 10.277000 -2 0 10.243000 -2 1024 10.204000 -2 0 10.173000 -2 0 10.150000 -2 0 10.216000 -2 0 10.246000 -2 0 10.223000 -2 0 10.263000 -2 0 10.244000 
-2 8192 60.480999 -2 7168 10.338000 -2 11264 10.406000 -2 3072 10.262000 -2 6144 10.278000 -2 3072 10.406000 -2 1024 10.261000 -2 0 10.275000 -2 0 10.261000 -2 0 10.242000 -2 0 10.245000 -2 0 10.341000 -2 0 10.248000 -2 0 10.289000 -2 0 10.378000 -2 0 10.293000 -2 0 10.290000 -2 0 10.351000 
-2 5120 60.537998 -2 8192 10.370000 -2 4096 10.373000 -2 8192 10.311000 -2 5120 10.360000 -2 7168 10.403000 -2 0 10.301000 -2 0 10.346000 -2 0 10.365000 -2 0 10.284000 -2 0 10.257000 -2 0 10.316000 -2 0 10.251000 -2 0 10.225000 -2 0 10.282000 -2 0 10.230000 -2 0 10.279000 -2 0 10.306000 
-2 3072 60.430000 -2 11264 10.250000 -2 16384 10.289000 -2 -28672 10.220000 -2 25600 10.260000 -2 30720 10.296000 -2 0 10.250977 -2 0 10.300000 -2 0 10.269000 -2 1024 10.225000 -2 0 10.220000 -2 0 10.261000 -2 0 10.233000 -2 0 10.179000 -2 0 10.258000 -2 0 10.231000 -2 0 10.249000 -2 0 10.298000 
-2 1024 60.576000 -2 11264 10.360000 -2 -30720 10.351000 -2 -32768 10.296000 -2 6144 10.237000 -2 20480 10.420000 -2 0 10.277000 -2 1024 10.253000 -2 1024 10.354000 -2 0 10.306000 -2 0 10.322000 -2 0 10.384000 -2 0 10.251000 -2 0 10.232000 -2 0 10.325000 -2 0 10.286000 -2 0 10.246000 -2 0 10.252000 
-2 1024 60.452999 -2 5120 10.435000 -2 11264 10.281000 -2 4096 10.286000 -2 0 10.306000 -2 0 10.274000 -2 1024 10.258000 -2 0 10.291000 -2 0 10.422000 -2 0 10.264000 -2 0 10.286000 -2 0 10.318000 -2 0 10.286000 -2 0 10.288000 -2 0 10.348000 -2 0 10.267000 -2 0 10.288000 -2 0 10.239000 
-2 1024 60.430000 -2 2048 10.263000 -2 1024 10.307000 -2 0 10.233000 -2 0 10.282000 -2 1024 10.302000 -2 0 10.246000 -2 0 10.213000 -2 0 10.288000 -2 0 10.213000 -2 0 10.208000 -2 0 10.314000 -2 0 10.258000 -2 0 10.249000 -2 0 10.327000 -2 0 10.287000 -2 0 10.258000 -2 0 10.403000 
-2 3072 60.540001 -2 3072 10.366000 -2 1024 10.300000 -2 1024 10.267000 -2 0 10.315000 -2 1024 10.296000 -2 0 10.209000 -2 0 10.209000 -2 0 10.278000 -2 1024 10.244000 -2 0 10.208000 -2 1024 10.234000 -2 0 10.241028 -2 0 10.292000 -2 0 10.336000 -2 0 10.259000 -2 0 10.344000 -2 0 10.335000 
-2 26624 60.432999 -2 26624 10.351000 -2 0 10.271000 -2 1024 10.258000 -2 0 10.339000 -2 0 10.354000 -2 1024 10.253000 -2 1024 10.307000 -2 0 10.331000 -2 0 10.255000 -2 3072 10.252000 -2 1024 10.406000 -2 0 10.268000 -2 0 10.264000 -2 0 10.337000 -2 0 10.258000 -2 0 10.237000 -2 0 10.323000 
-2 -30720 60.424999 -2 -29696 10.277000 -2 0 10.273000 -2 1024 10.237000 -2 1024 10.227000 -2 0 10.398000 -2 1024 10.313000 -2 1024 10.288000 -2 0 10.422000 -2 0 10.385000 -2 1024 10.232000 -2 0 10.280000 -2 0 10.271000 -2 0 10.365000 -2 0 10.362000 -2 0 10.286000 -2 0 10.268000 -2 0 10.237000 
-2 -31744 60.407001 -2 30720 10.313000 -2 0 10.281000 -2 2048 10.239000 -2 0 10.307000 -2 0 10.313000 -2 1024 10.246000 -2 0 10.313000 -2 0 10.309000 -2 0 10.257000 -2 0 10.224000 -2 0 10.400000 -2 0 10.260000 -2 0 10.264000 -2 0 10.306000 -2 0 10.234000 -2 0 10.227000 -2 0 10.324000 
-2 18432 60.460999 -2 21504 10.318000 -2 0 10.402000 -2 0 10.347000 -2 5120 10.288000 -2 3072 10.389000 -2 1024 10.258000 -2 0 10.288000 -2 0 10.323000 -2 0 10.248000 -2 1024 10.299000 -2 1024 10.320000 -2 0 10.220000 -2 0 10.237000 -2 0 10.285000 -2 0 10.226000 -2 0 10.208000 -2 0 10.266000 
-2 0 60.310974 -2 10240 10.289000 -2 7168 10.279000 -2 5120 10.277000 -2 1024 10.244000 -2 1024 10.294000 -2 1024 10.236000 -2 2048 10.265000 -2 0 10.313000 -2 1024 10.229000 -2 0 10.325000 -2 1024 10.229000 -2 1024 10.274000 -2 0 10.266000 -2 0 10.308000 -2 0 10.236000 -2 0 10.273000 -2 0 10.326000 
-2 27648 60.511002 -2 27648 10.357000 -2 6144 10.282000 -2 1024 10.248000 -2 1024 10.228000 -2 1024 10.318000 -2 1024 10.234000 -2 0 10.249000 -2 1024 10.250000 -2 0 10.233000 -2 1024 10.239000 -2 1024 10.305000 -2 0 10.278000 -2 0 10.353000 -2 0 10.270000 -2 0 10.276000 -2 0 10.336000 -2 0 10.341000 
-2 -28672 60.415001 -2 31744 10.417000 -2 0 10.281000 -2 0 10.234000 -2 1024 10.267000 -2 0 10.369000 -2 0 10.247000 -2 0 10.272000 -2 0 10.382000 -2 0 10.274000 -2 0 10.289000 -2 0 10.366000 -2 0 10.246000 -2 0 10.259000 -2 0 10.379000 -2 0 10.273000 -2 0 10.286000 -2 0 10.343000 
-2 -28672 60.426998 -2 -32768 10.326000 -2 0 10.285000 -2 2048 10.219000 -2 0 10.294000 -2 0 10.325000 -2 0 10.234000 -2 0 10.234000 -2 0 10.276000 -2 0 10.227000 -2 0 10.292000 -2 0 10.294000 -2 0 10.226000 -2 0 10.319000 -2 0 10.296000 -2 0 10.214000 -2 0 10.281000 -2 0 10.327000 
-2 -31744 60.383999 -2 -27648 10.245972 768 7168 10.259000 -2 8192 10.228000 -2 2048 10.312000 -2 3072 10.326000 -2 1024 10.404000 -2 0 10.277000 -2 1024 10.323000 -2 0 10.332000 -2 0 10.256000 -2 0 10.347000 -2 0 10.414000 -2 0 10.317000 -2 0 10.285000 -2 0 10.349000 -2 0 10.295000 -2 0 10.213000 
-2 -32768 60.410999 -2 31744 10.273000 -2 17408 10.249000 -2 17408 10.224000 -2 6144 10.287000 -2 7168 10.251000 -2 2048 10.235000 -2 0 10.218000 -2 0 10.303000 -2 0 10.216000 -2 0 10.209000 -2 0 10.218000 -2 0 10.221000 -2 0 10.281000 -2 0 10.216000 -2 0 10.214000 -2 0 10.237000 -2 0 10.278000 
-2 12288 60.452000 -2 17408 10.359000 -2 19456 10.388000 -2 26624 10.249000 -2 10240 10.265000 -2 10240 10.433000 -2 0 10.262000 -2 0 10.266000 -2 1024 10.324000 -2 0 10.228000 -2 0 10.227000 -2 0 10.310000 -2 0 10.266000 -2 0 10.225000 -2 0 10.253000 -2 0 10.242000 -2 0 10.282000 -2 0 10.231000 
-2 8192 60.438999 -2 11264 10.385000 -2 28672 10.269000 -2 26624 10.300000 -2 15360 10.274000 -2 15360 10.326000 -2 1024 10.265000 -2 0 10.298000 -2 0 10.266000 -2 0 10.204000 -2 0 10.220000 -2 1024 10.329000 -2 0 10.201000 -2 0 10.226000 -2 0 10.312000 -2 0 10.205000 -2 0 10.287000 -2 0 10.216000 
-2 10240 60.383999 -2 11264 10.300000 -2 22528 10.270000 -2 26624 10.259000 -2 13312 10.248000 -2 18432 10.290000 -2 1024 10.210999 -2 1024 10.304000 -2 0 10.331000 -2 0 10.230000 -2 0 10.276000 -2 0 10.289000 -2 0 10.241000 -2 0 10.234000 -2 0 10.292000 -2 0 10.226000 -2 0 10.273000 -2 0 10.279000 
-2 12288 60.520000 -2 9216 10.364000 -2 23552 10.335000 -2 22528 10.245000 -2 14336 10.236000 -2 18432 10.306000 -2 0 10.219000 -2 0 10.227000 -2 0 10.303000 -2 1024 10.234000 -2 0 10.213000 -2 0 10.330000 -2 0 10.214000 -2 0 10.284000 -2 0 10.315000 -2 0 10.217000 -2 0 10.228000 -2 0 10.221000 
-2 13312 60.463001 -2 5120 10.299000 512 23552 10.178000 -2 19456 10.197000 -2 18432 10.256000 -2 18432 10.325000 -2 1024 10.258000 -2 0 10.249000 -2 1024 10.291000 -2 0 10.210000 -2 0 10.253000 -2 0 10.286000 -2 0 10.289000 -2 0 10.230000 -2 0 10.274000 -2 0 10.225000 -2 0 10.206000 -2 0 10.296000 
-2 10240 60.334000 -2 3072 10.296000 -2 19456 10.238000 -2 12288 10.214000 -2 15360 10.285000 -2 16384 10.267000 -2 0 10.262000 -2 1024 10.236000 -2 0 10.305000 -2 0 10.222000 -2 0 10.295000 -2 0 10.273000 -2 0 10.280000 -2 0 10.266000 -2 0 10.387000 -2 0 10.278000 -2 0 10.335000 -2 0 10.338000 
-2 11264 60.560001 -2 5120 10.339000 -2 4096 10.276000 -2 3072 10.222000 -2 12288 10.249000 -2 10240 10.317000 -2 1024 10.220000 -2 0 10.228000 -2 0 10.265000 -2 0 10.250000 -2 0 10.283000 -2 1024 10.326000 -2 0 10.231018 -2 0 10.343000 -2 0 10.306000 -2 0 10.224000 -2 0 10.284000 -2 0 10.326000 
-2 4096 60.542000 -2 2048 10.388000 -2 1024 10.385000 -2 3072 10.368000 -2 0 10.260000 -2 2048 10.280000 -2 1024 10.270000 -2 0 10.320000 -2 0 10.301000 -2 0 10.295000 -2 0 10.252000 -2 0 10.264000 -2 0 10.237000 -2 0 10.256000 -2 0 10.348000 -2 0 10.219000 -2 0 10.221000 -2 0 10.321000 
-2 1024 60.451000 -2 1024 10.304000 -2 2048 10.428000 -2 0 10.238000 -2 1024 10.266000 -2 0 10.343000 -2 0 10.251000 -2 0 10.262000 -2 0 10.333000 -2 0 10.323000 -2 0 10.264000 -2 0 10.309000 -2 0 10.278000 -2 0 10.200000 -2 0 10.331000 -2 0 10.275000 -2 0 10.266000 -2 0 10.299000 
-2 6144 60.533001 -2 2048 10.331000 -2 3072 10.291000 -2 2048 10.219000 -2 1024 10.286000 -2 2048 10.318000 -2 0 10.195000 -2 0 10.264000 -2 0 10.309000 -2 0 10.228000 -2 0 10.231000 -2 0 10.346000 -2 0 10.254000 -2 0 10.271000 -2 0 10.302000 -2 0 10.235000 -2 0 10.286000 -2 0 10.242000 
-2 4096 60.459000 -2 3072 10.303000 -2 1024 10.294000 -2 2048 10.266000 -2 1024 10.275000 -2 0 10.239000 -2 0 10.233000 -2 0 10.280000 -2 1024 10.325000 -2 0 10.224000 -2 0 10.181000 -2 0 10.320000 -2 0 10.225000 -2 0 10.205000 -2 0 10.304000 -2 0 10.241000 -2 0 10.269000 -2 0 10.234000 
-2 19456 60.487976 -2 7168 10.281000 -2 0 10.243000 -2 10240 10.223000 -2 0 10.262000 -2 6144 10.301000 -2 0 10.244000 -2 2048 10.192000 -2 0 10.304000 -2 0 10.212000 -2 1024 10.236000 -2 4096 10.241000 -2 0 10.204000 -2 0 10.246000 -2 0 10.281000 -2 0 10.230000 -2 0 10.269000 -2 0 10.310000 
-2 -31744 60.442001 -2 -31744 10.278000 -2 11264 10.369000 -2 17408 10.282000 -2 4096 10.270000 -2 9216 10.400000 -2 0 10.289000 -2 0 10.291000 -2 0 10.366000 -2 0 10.291000 -2 1024 10.288000 -2 1024 10.412000 -2 0 10.316000 -2 0 10.331000 -2 0 10.394000 -2 0 10.263000 -2 0 10.327000 -2 0 10.333000 
-2 -25600 60.459999 -2 -17408 10.389000 -2 6144 10.356000 -2 12288 10.277000 -2 0 10.331000 -2 2048 10.307000 -2 0 10.256000 -2 1024 10.278000 -2 1024 10.421000 -2 0 10.319000 -2 1024 10.270000 -2 1024 10.346000 -2 0 10.272000 -2 0 10.268000 -2 0 10.396000 -2 0 10.303000 -2 0 10.308000 -2 0 10.331000 
-2 27648 60.507000 -2 15360 10.328000 -2 2048 10.378000 -2 2048 10.297000 -2 1024 10.337000 -2 2048 10.390000 -2 1024 10.255000 -2 0 10.262000 -2 0 10.355000 -2 1024 10.267000 -2 2048 10.264000 -2 1024 10.395000 -2 0 10.259000 -2 0 10.282000 -2 0 10.400000 -2 0 10.285000 -2 0 10.277000 -2 0 10.405000 
-2 1024 60.502998 -2 3072 10.346008 -2 0 10.322000 -2 0 10.250000 -2 0 10.334000 -2 0 10.406000 -2 2048 10.244000 -2 1024 10.262000 -2 0 10.336000 -2 1024 10.236000 -2 1024 10.228000 -2 0 10.209000 -2 0 10.247000 -2 0 10.211000 -2 0 10.156000 -2 0 10.190000 -2 0 10.163000 -2 0 10.294000 
-2 0 60.477001 -2 1024 10.253000 -2 4096 10.334000 -2 14336 10.211000 -2 3072 10.272000 -2 18432 10.298000 -2 0 10.242000 -2 0 10.206000 -2 0 10.263000 -2 0 10.246000 -2 0 10.264000 -2 0 10.237000 -2 0 10.196000 -2 0 10.259000 -2 0 10.254000 -2 0 10.215000 -2 0 10.269000 -2 0 10.295000 
-2 0 60.525002 -2 0 10.343000 -2 24576 10.385000 -2 25600 10.239000 -2 30720 10.287000 -2 -30720 10.347000 -2 0 10.276000 -2 0 10.346000 -2 0 10.378000 -2 1024 10.307000 -2 0 10.253000 -2 0 10.355000 -2 0 10.291000 -2 0 10.258000 -2 0 10.387000 -2 0 10.296000 -2 0 10.301000 -2 0 10.285000 
-2 0 60.551998 -2 9216 10.373000 -2 11264 10.342000 -2 16384 10.292000 -2 25600 10.301000 -2 8192 10.320000 -2 0 10.255000 -2 0 10.284000 -2 1024 10.412000 -2 1024 10.290000 -2 0 10.275000 -2 0 10.329000 -2 0 10.267000 -2 0 10.301000 -2 0 10.356000 -2 0 10.297000 -2 0 10.243000 -2 0 10.414000 
-2 5120 60.426998 -2 6144 10.288000 -2 2048 10.204000 -2 2048 10.218000 -2 5120 10.267000 768 0 10.339000 -2 1024 10.231995 -2 1024 10.207000 -2 0 10.254000 -2 0 10.240000 -2 0 10.207000 -2 0 10.243000 -2 0 10.254000 -2 0 10.327000 -2 0 10.353000 -2 0 10.243000 -2 0 10.200000 -2 0 10.356000 
-2 2048 60.558998 -2 4096 10.398000 -2 2048 10.296000 -2 5120 10.256000 -2 11264 10.307000 -2 3072 10.350000 -2 1024 10.258000 -2 0 10.278000 -2 0 10.389000 -2 0 10.228000 -2 0 10.233000 -2 0 10.302000 -2 0 10.211000 -2 0 10.219000 -2 1024 10.292000 -2 0 10.230000 -2 0 10.318000 -2 0 10.284000 
-2 0 60.494999 -2 0 10.310000 -2 31744 10.255000 -2 -25600 10.406000 -2 16384 10.284000 -2 19456 10.253000 -2 0 10.376000 -2 0 10.289000 -2 0 10.288000 -2 1024 10.377000 -2 0 10.327000 -2 0 10.309000 -2 0 10.377000 -2 0 10.254000 -2 0 10.288000 -2 0 10.307000 -2 0 10.332000 -2 0 10.256000 
-2 0 60.491001 -2 4096 10.303000 -2 -27648 10.238000 -2 -21504 10.243000 -2 12288 10.207000 -2 4096 10.268000 -2 0 10.192000 -2 0 10.207000 -2 0 10.286000 -2 0 10.272000 -2 0 10.242000 -2 0 10.355000 -2 0 10.287000 -2 0 10.272000 -2 0 10.383000 -2 0 10.274000 -2 0 10.262000 -2 0 10.314000 
-2 1024 60.466000 -2 2048 10.288000 -2 22528 10.327000 -2 7168 10.202000 -2 0 10.303000 -2 1024 10.282000 -2 0 10.252000 -2 0 10.258000 -2 0 10.320000 -2 0 10.215000 -2 0 10.281000 -2 0 10.382000 -2 0 10.250977 -2 0 10.208000 -2 0 10.338000 -2 0 10.269000 -2 0 10.291000 -2 0 10.394000 
-2 0 60.383999 -2 4096 10.309000 -2 4096 10.345000 -2 2048 10.274000 -2 0 10.310000 -2 1024 10.381000 -2 0 10.327000 -2 0 10.324000 -2 0 10.356000 -2 0 10.227000 -2 0 10.180000 -2 0 10.373000 -2 0 10.252000 -2 0 10.211000 -2 0 10.299000 -2 0 10.246000 -2 0 10.236000 -2 0 10.442000 
-2 19456 60.589001 -2 15360 10.368000 -2 4096 10.330000 -2 0 10.262000 -2 0 10.282000 -2 2048 10.302000 -2 0 10.220000 -2 0 10.206000 -2 0 10.252000 -2 0 10.223000 -2 0 10.252000 -2 0 10.308000 -2 0 10.290000 -2 0 10.310000 -2 0 10.352000 -2 0 10.267000 -2 0 10.251000 -2 0 10.386000 
-2 28672 60.418999 -2 -29696 10.340000 -2 0 10.277000 -2 1024 10.230000 -2 0 10.250000 -2 1024 10.353000 -2 1024 10.231000 -2 0 10.243000 -2 1024 10.305000 -2 1024 10.253000 -2 0 10.252000 -2 0 10.312000 -2 0 10.231000 -2 0 10.327000 -2 0 10.305000 -2 0 10.200000 -2 0 10.191000 -2 0 10.331000 
-2 4096 60.511002 -2 0 10.369000 -2 0 10.366000 -2 0 10.250000 -2 0 10.267000 -2 0 10.358000 -2 0 10.211000 -2 1024 10.200000 -2 0 10.319000 -2 0 10.214000 -2 1024 10.233000 -2 0 10.310000 -2 0 10.214000 -2 0 10.213000 -2 0 10.310000 -2 0 10.188000 -2 0 10.267000 -2 0 10.270000 
-2 26624 60.416992 -2 -24576 10.308000 -2 0 10.233000 -2 0 10.215000 -2 1024 10.292000 -2 1024 10.331000 -2 1024 10.289000 -2 3072 10.305000 -2 0 10.387000 -2 0 10.295000 -2 2048 10.345000 -2 2048 10.340000 -2 0 10.255000 -2 0 10.356000 -2 0 10.331000 -2 0 10.245000 -2 0 10.273000 -2 0 10.299000 
-2 24576 60.437000 -2 -31744 10.365000 -2 0 10.273000 -2 1024 10.251000 -2 0 10.252000 -2 0 10.293000 -2 0 10.223000 -2 0 10.252000 -2 0 10.304000 -2 0 10.250000 -2 0 10.244000 -2 0 10.248000 -2 0 10.207000 -2 0 10.213000 -2 0 10.237000 -2 0 10.220000 -2 0 10.200000 -2 0 10.279000 
-2 4096 60.431999 -2 2048 10.288000 -2 6144 10.247000 -2 19456 10.219000 -2 4096 10.191000 -2 3072 10.276000 -2 0 10.241000 -2 1024 10.271000 -2 0 10.349000 -2 0 10.264000 -2 0 10.251000 -2 0 10.251000 -2 0 10.229000 -2 0 10.271000 -2 0 10.222000 -2 0 10.204000 -2 0 10.273000 -2 0 10.339000 
-2 5120 60.539001 -2 1024 10.296000 -2 -20480 10.330000 -2 -21504 10.240000 -2 7168 10.262000 -2 3072 10.327000 -2 0 10.261000 -2 0 10.291000 -2 0 10.310000 -2 0 10.221000 -2 0 10.233000 -2 0 10.269000 -2 0 10.247000 -2 0 10.273000 -2 0 10.267000 -2 0 10.225000 -2 0 10.269000 -2 0 10.281000 
-2 4096 60.530998 -2 3072 10.422974 -2 9216 10.397000 -2 14336 10.308000 -2 0 10.281000 -2 0 10.301000 -2 1024 10.252000 -2 0 10.315000 -2 0 10.302000 -2 0 10.233000 -2 0 10.248000 -2 0 10.333000 -2 0 10.297000 -2 0 10.341000 -2 0 10.417000 -2 0 10.306000 -2 0 10.262000 -2 0 10.458000 
