363 659 269 756 414 616 341 639 495 541 405 593 234 770 656 368 491 531 
363 659 269 756 414 616 341 645 496 541 406 592 233 770 656 368 491 532 
363 659 269 756 414 616 341 647 496 541 408 591 233 772 655 368 491 532 
360 654 269 755 414 616 341 647 496 540 408 590 233 772 654 368 491 532 
358 653 268 756 414 616 341 647 495 540 409 589 232 771 655 368 491 532 
378 636 264 757 414 616 341 649 496 541 412 585 231 771 656 368 491 531 
430 588 266 751 413 610 341 647 496 540 412 585 232 770 657 368 491 531 
484 541 277 736 414 596 340 645 497 540 410 585 233 768 657 368 491 531 
509 529 272 728 411 588 338 644 498 540 410 585 233 773 657 365 491 531 
517 533 221 710 376 569 341 649 497 540 410 586 233 774 657 363 491 531 
518 534 146 668 330 539 341 649 497 540 410 586 233 774 657 363 491 531 
514 534 127 627 284 516 341 649 498 541 410 586 233 776 657 361 491 530 
512 533 124 596 230 502 341 647 498 541 410 586 233 776 657 359 491 530 
507 530 128 610 224 525 335 643 497 540 410 585 232 776 656 358 491 530 
500 526 162 650 264 573 333 638 497 540 410 584 229 771 657 358 491 530 
492 518 210 691 302 617 332 637 498 540 409 583 224 771 658 358 491 531 
482 513 272 755 341 680 331 635 499 540 409 582 223 771 658 358 491 531 
476 513 332 821 373 724 330 634 499 540 409 582 222 770 658 358 491 531 
473 513 382 873 404 748 331 636 499 540 409 581 222 770 658 359 491 531 
473 520 422 894 432 769 329 637 498 540 409 580 222 770 658 359 491 531 
475 522 452 896 452 790 328 638 498 540 410 579 222 770 658 359 491 532 
476 523 445 892 447 775 334 646 498 542 410 578 224 772 658 358 491 532 
480 520 399 858 405 724 341 656 498 541 411 579 224 774 658 358 491 532 
487 520 324 801 341 666 341 656 498 541 411 579 225 772 658 358 491 532 
499 524 251 730 285 613 341 656 498 540 411 579 225 772 658 358 491 532 
500 526 196 647 235 573 341 656 499 541 411 579 225 776 658 358 491 531 
501 527 162 580 209 549 341 653 502 544 411 580 225 777 658 354 491 531 
495 520 181 551 235 535 336 647 504 544 411 579 225 777 658 351 491 531 
495 515 217 543 272 533 334 645 502 543 411 579 225 775 658 351 491 531 
493 517 225 563 289 548 331 643 502 542 411 579 225 774 658 351 491 531 
493 520 193 585 276 563 333 645 504 543 412 579 224 782 658 350 491 531 
493 517 139 562 254 554 338 651 504 544 414 580 225 791 658 347 491 530 
493 514 128 540 247 555 338 649 506 544 413 581 225 788 658 345 491 530 
491 509 155 577 281 597 325 639 506 543 412 579 224 785 658 345 491 530 
489 506 218 642 332 665 315 630 506 543 410 579 224 783 658 345 491 531 
484 507 289 722 382 720 314 625 505 543 409 579 224 782 658 345 491 530 
473 509 358 803 421 757 316 622 504 542 409 579 222 782 658 345 492 530 
469 509 419 877 452 780 318 624 500 541 409 578 222 782 658 345 492 530 
468 523 447 894 460 781 322 630 500 541 409 577 222 782 661 345 491 532 
468 528 420 876 435 741 336 650 500 541 411 578 224 788 661 345 491 532 
473 528 353 828 377 687 348 663 499 541 413 578 224 789 661 345 491 532 
474 532 277 751 326 645 356 669 499 540 414 578 224 792 661 345 491 532 
473 536 200 668 281 604 356 669 499 541 414 577 224 793 661 345 491 532 
470 532 148 597 260 575 356 667 500 544 415 577 224 795 661 341 491 532 
467 534 144 587 272 571 345 655 501 545 415 577 224 791 661 341 491 532 
466 536 140 588 277 568 343 651 500 545 415 577 224 791 661 341 491 531 
465 525 155 617 303 591 336 643 500 545 415 577 222 789 661 341 491 531 
464 523 220 691 352 641 325 633 500 544 415 577 222 786 661 341 491 531 
464 525 290 778 394 683 323 630 500 543 414 577 222 786 661 341 491 531 
457 529 355 874 428 711 322 630 499 544 413 577 221 785 661 341 491 531 
452 543 413 898 452 737 322 631 499 544 414 576 217 784 661 341 491 531 
454 554 395 888 431 713 335 645 499 544 415 576 219 785 661 342 491 532 
454 555 354 855 399 671 340 651 499 544 415 575 220 785 661 342 491 532 
454 554 325 839 378 653 341 651 499 544 416 575 220 785 661 342 491 533 
454 549 344 882 399 677 335 644 499 544 414 575 220 784 661 342 491 532 
453 549 395 898 426 718 328 638 499 543 415 574 220 784 661 342 491 532 
452 549 441 898 447 760 325 637 499 543 415 574 220 784 661 342 491 532 
452 553 462 898 452 769 329 639 497 542 414 574 220 784 661 342 491 532 
447 560 454 887 443 750 335 645 495 542 414 574 221 784 661 342 491 532 
451 558 419 881 412 730 340 650 497 544 415 574 222 782 661 342 491 532 
479 550 350 872 357 711 341 651 498 544 416 574 224 782 661 342 491 531 
509 524 289 869 306 708 340 651 498 544 418 574 224 782 661 342 491 532 
551 482 261 867 273 714 341 652 498 544 420 573 225 782 661 342 491 532 
600 430 258 866 261 716 341 652 498 544 421 573 227 782 661 342 491 532 
654 378 260 864 261 717 341 652 498 544 421 573 229 782 661 342 491 532 
676 359 261 858 261 722 341 651 498 548 421 573 230 782 661 342 491 532 
684 351 260 856 261 726 341 651 498 545 421 573 230 782 661 342 491 532 
708 325 259 853 259 732 341 651 502 549 421 573 231 782 661 342 491 532 
704 323 254 851 252 741 342 653 501 555 419 576 232 782 661 342 491 532 
649 378 253 848 246 748 342 653 500 564 418 576 232 782 661 342 491 532 
556 468 253 843 243 753 341 653 500 568 417 576 232 782 661 342 491 532 
471 553 256 843 247 749 341 653 500 568 417 576 232 782 661 342 491 532 
382 596 293 777 275 722 341 652 499 565 418 574 232 782 661 342 491 532 
334 630 363 663 309 681 340 652 499 566 418 574 232 782 661 342 491 532 
308 659 422 587 340 649 340 650 500 566 418 574 232 782 661 342 491 532 
288 691 466 546 374 629 340 649 500 567 419 574 232 782 661 342 491 532 
276 722 502 526 404 617 340 649 500 567 419 574 232 782 661 342 491 532 
270 736 503 529 408 618 341 647 500 565 419 574 232 782 661 342 491 532 
269 729 502 529 408 618 341 647 500 566 419 574 232 782 661 342 491 532 
275 725 500 530 408 620 342 647 500 565 419 574 232 782 661 342 491 532 
304 701 485 541 395 630 342 647 500 564 420 572 232 782 661 342 491 532 
370 631 461 564 378 648 342 645 500 564 423 566 232 782 661 342 491 532 
468 523 442 587 365 670 342 645 501 564 425 565 232 782 661 342 491 532 
581 414 434 595 352 681 342 643 502 565 425 565 232 782 661 342 491 532 
687 313 431 596 337 689 342 638 504 565 425 565 232 782 661 342 491 532 
756 263 433 592 329 689 343 637 502 564 425 565 232 782 661 342 491 532 
766 257 430 596 327 698 345 637 504 565 425 565 232 782 661 342 491 532 
776 248 425 605 311 721 -2 -2 -2 -2 -2 -2 -2 -2 -2 -2 -2 -2 
-2 -2 -2 -2 -2 0 -2 -2 -2 -2 -2 -2 -2 -2 -2 -2 -2 -2 
-2 -2 -2 -2 -2 -2 -2 -2 -2 -2 -2 -2 -2 -2 -2 -2 -2 -2 
-2 -2 -2 -2 -2 -2 -2 -2 -2 -2 -2 -2 -2 -2 -2 -2 -2 -2 
-2 -2 -2 -2 -2 -2 -2 -2 -2 -2 -2 -2 -2 -2 -2 -2 -2 -2 
-2 -2 -2 -2 -2 -2 -2 -2 -2 -2 -2 -2 -2 -2 -2 -2 -2 -2 
-2 -2 -2 -2 -2 -2 -2 -2 -2 -2 -2 -2 -2 -2 -2 -2 -2 -2 
-2 -2 -2 -2 -2 -2 -2 -2 -2 -2 -2 -2 -2 -2 -2 -2 -2 -2 
-2 -2 -2 -2 -2 -2 -2 -2 -2 -2 -2 -2 -2 -2 -2 -2 -2 -2 
-2 -2 -2 -2 -2 -2 -2 -2 -2 -2 -2 -2 -2 -2 -2 -2 -2 -2 
-2 -2 -2 -2 -2 -2 -2 -2 -2 -2 -2 -2 -2 -2 -2 -2 -2 -2 
-2 -2 -2 -2 -2 -2 -2 -2 -2 -2 -2 -2 -2 -2 -2 -2 -2 -2 
-2 -2 -2 -2 -2 -2 -2 -2 -2 -2 -2 -2 -2 -2 -2 -2 -2 -2 
-2 -2 -2 -2 -2 -2 -2 -2 -2 -2 -2 -2 -2 -2 -2 -2 -2 -2 
-2 -2 -2 -2 -2 -2 -2 -2 -2 -2 -2 -2 -2 -2 -2 -2 -2 -2 
-2 -2 -2 -2 -2 -2 -2 -2 -2 -2 -2 -2 -2 -2 -2 -2 -2 -2 
-2 -2 -2 -2 -2 -2 -2 -2 -2 -2 -2 -2 -2 -2 -2 -2 -2 -2 
-2 -2 -2 -2 -2 -2 -2 -2 -2 -2 -2 -2 -2 -2 -2 -2 -2 -2 
-2 -2 -2 -2 -2 -2 -2 -2 -2 -2 -2 -2 -2 -2 -2 -2 -2 -2 
-2 -2 -2 -2 -2 -2 -2 -2 -2 -2 -2 -2 -2 -2 -2 -2 -2 -2 
-2 -2 -2 -2 -2 -2 -2 -2 -2 -2 -2 -2 -2 -2 -2 -2 -2 -2 
-2 -2 -2 -2 -2 -2 -2 -2 -2 -2 -2 -2 -2 -2 -2 -2 -2 -2 
-2 256 -2 -2 -2 -2 -2 -2 -2 -2 -2 -2 -2 -2 -2 -2 -2 -2 
-2 -2 -2 -2 -2 -2 -2 -2 -2 -2 -2 -2 -2 -2 -2 -2 -2 -2 
-2 -2 -2 -2 -2 -2 -2 -2 -2 -2 -2 -2 -2 -2 -2 -2 -2 -2 
-2 -2 -2 -2 -2 -2 -2 -2 -2 -2 -2 -2 -2 -2 -2 -2 -2 -2 
-2 -2 -2 -2 -2 -2 -2 -2 -2 -2 -2 -2 -2 -2 -2 -2 -2 -2 
-2 -2 -2 -2 -2 -2 -2 -2 -2 -2 -2 -2 -2 -2 -2 -2 -2 -2 
-2 -2 -2 -2 -2 -2 -2 -2 -2 -2 -2 -2 -2 -2 -2 -2 -2 -2 
-2 -2 -2 -2 -2 -2 -2 -2 -2 -2 -2 -2 -2 -2 -2 -2 -2 -2 
-2 -2 -2 -2 -2 -2 -2 -2 -2 -2 -2 -2 -2 -2 -2 -2 -2 -2 
-2 -2 -2 -2 -2 -2 -2 -2 -2 -2 -2 -2 -2 -2 -2 -2 -2 -2 
-2 -2 -2 -2 -2 -2 -2 -2 -2 -2 -2 -2 -2 -2 -2 -2 -2 -2 
768 -2 -2 -2 -2 -2 -2 -2 -2 -2 -2 -2 -2 -2 -2 -2 -2 -2 
-2 -2 -2 -2 -2 -2 -2 -2 -2 -2 -2 -2 -2 -2 -2 -2 -2 -2 
-2 -2 -2 -2 -2 512 -2 -2 -2 -2 -2 -2 -2 -2 -2 -2 -2 -2 
-2 -2 -2 -2 -2 -2 -2 -2 -2 -2 -2 -2 -2 -2 -2 -2 -2 -2 
-2 -2 -2 -2 -2 -2 -2 -2 -2 -2 -2 -2 -2 -2 -2 -2 -2 -2 
-2 -2 -2 -2 -2 -2 -2 -2 -2 -2 -2 -2 -2 -2 -2 -2 -2 -2 
-2 -2 -2 -2 -2 -2 -2 -2 -2 -2 -2 -2 -2 -2 -2 -2 -2 -2 
-2 -2 -2 -2 -2 -2 -2 -2 -2 -2 -2 -2 -2 -2 -2 -2 -2 -2 
-2 -2 -2 -2 -2 -2 -2 -2 -2 -2 -2 -2 -2 -2 -2 -2 -2 -2 
-2 -2 -2 -2 -2 -2 -2 -2 -2 -2 -2 -2 -2 -2 -2 -2 -2 -2 
-2 -2 -2 -2 -2 -2 -2 -2 -2 -2 -2 -2 -2 -2 -2 -2 -2 -2 
-2 -2 -2 -2 -2 -2 -2 -2 -2 -2 -2 -2 -2 -2 -2 -2 -2 -2 
-2 -2 -2 -2 -2 -2 -2 -2 -2 -2 -2 -2 -2 -2 -2 -2 -2 -2 
-2 -2 -2 -2 -2 -2 -2 -2 -2 -2 -2 -2 -2 -2 -2 -2 -2 -2 
-2 -2 -2 -2 -2 -2 -2 -2 -2 -2 -2 -2 -2 -2 -2 -2 -2 -2 
-2 -2 -2 -2 -2 -2 -2 -2 -2 -2 -2 -2 -2 -2 -2 -2 -2 -2 
-2 -2 -2 -2 -2 -2 -2 -2 -2 -2 -2 -2 -2 -2 -2 -2 -2 -2 
-2 -2 -2 -2 -2 256 -2 -2 -2 -2 -2 -2 -2 -2 -2 -2 -2 -2 
-2 -2 -2 -2 -2 -2 -2 -2 -2 -2 -2 -2 -2 -2 -2 -2 -2 -2 
-2 -2 -2 -2 -2 -2 -2 -2 -2 -2 -2 -2 -2 -2 -2 -2 -2 -2 
-2 256 -2 -2 -2 -2 -2 -2 -2 -2 -2 -2 -2 -2 -2 -2 -2 -2 
-2 -2 -2 -2 -2 -2 -2 -2 -2 -2 -2 -2 -2 -2 -2 -2 -2 -2 
-2 -2 -2 -2 -2 -2 -2 -2 -2 -2 -2 -2 -2 -2 -2 -2 -2 -2 
-2 -2 -2 -2 -2 768 -2 -2 -2 -2 -2 -2 -2 -2 -2 -2 -2 -2 
-2 -2 -2 -2 -2 -2 -2 -2 256 -2 -2 -2 -2 -2 -2 -2 -2 -2 
-2 -2 -2 -2 -2 -2 -2 -2 -2 -2 -2 -2 -2 -2 -2 -2 -2 -2 
-2 -2 -2 -2 -2 -2 -2 -2 -2 -2 -2 -2 -2 -2 -2 -2 -2 -2 
-2 -2 -2 -2 -2 -2 -2 -2 -2 -2 -2 -2 -2 -2 -2 -2 -2 -2 
-2 -2 -2 -2 -2 -2 -2 -2 -2 -2 -2 -2 -2 -2 -2 -2 -2 -2 
-2 -2 -2 -2 -2 -2 -2 -2 -2 -2 -2 -2 -2 -2 -2 -2 -2 -2 
768 -2 -2 -2 -2 -2 -2 -2 -2 -2 -2 -2 -2 -2 -2 -2 -2 -2 
-2 -2 -2 -2 -2 -2 -2 -2 512 -2 -2 -2 -2 -2 -2 -2 -2 -2 
-2 -2 -2 -2 -2 -2 -2 -2 256 -2 -2 -2 -2 -2 -2 -2 -2 -2 
-2 -2 -2 -2 -2 -2 -2 -2 512 -2 -2 -2 -2 -2 -2 -2 -2 -2 
-2 -2 -2 -2 -2 -2 -2 -2 512 -2 -2 -2 -2 -2 -2 -2 -2 -2 
-2 -2 -2 -2 -2 -2 -2 -2 256 -2 -2 -2 -2 -2 -2 -2 -2 -2 
-2 -2 -2 -2 -2 -2 -2 -2 256 -2 -2 -2 -2 -2 -2 -2 -2 -2 
-2 -2 -2 -2 -2 -2 -2 -2 256 -2 -2 -2 -2 -2 -2 -2 -2 -2 
-2 -2 -2 -2 -2 -2 -2 -2 256 -2 -2 -2 -2 -2 -2 -2 -2 -2 
-2 -2 -2 -2 -2 -2 -2 -2 256 -2 -2 -2 -2 -2 -2 -2 -2 -2 
-2 -2 -2 -2 -2 -2 -2 -2 -2 -2 -2 -2 -2 -2 -2 -2 -2 -2 
-2 -2 -2 -2 -2 -2 -2 -2 -2 -2 -2 -2 -2 -2 -2 -2 -2 -2 
-2 -2 -2 -2 -2 -2 -2 -2 -2 -2 -2 -2 -2 -2 -2 -2 -2 -2 
-2 -2 -2 -2 -2 -2 -2 -2 -2 -2 -2 -2 -2 -2 -2 -2 -2 -2 
-2 -2 -2 -2 -2 -2 -2 -2 -2 -2 -2 -2 -2 -2 -2 -2 -2 -2 
-2 -2 -2 -2 -2 -2 -2 -2 -2 -2 -2 -2 -2 -2 -2 -2 -2 -2 
-2 -2 -2 -2 -2 -2 -2 -2 -2 -2 -2 -2 -2 -2 -2 -2 -2 -2 
-2 -2 -2 -2 -2 -2 -2 -2 -2 -2 -2 -2 -2 -2 -2 -2 -2 -2 
-2 -2 -2 -2 -2 -2 -2 -2 -2 -2 -2 -2 -2 -2 -2 -2 -2 -2 
-2 -2 -2 -2 -2 -2 -2 -2 -2 -2 -2 -2 -2 -2 -2 -2 -2 -2 
-2 -2 -2 -2 -2 -2 -2 -2 -2 -2 -2 -2 -2 -2 -2 -2 -2 -2 
-2 -2 -2 -2 -2 -2 -2 -2 -2 -2 -2 -2 -2 -2 -2 -2 -2 -2 
-2 -2 -2 -2 -2 -2 -2 -2 -2 -2 -2 -2 -2 -2 -2 -2 -2 -2 
-2 -2 -2 -2 -2 -2 -2 -2 -2 -2 -2 -2 -2 -2 -2 -2 -2 -2 
-2 -2 -2 -2 -2 -2 -2 -2 -2 -2 -2 -2 -2 -2 -2 -2 -2 -2 
-2 -2 -2 -2 -2 -2 -2 -2 -2 -2 -2 -2 -2 -2 -2 -2 -2 -2 
-2 -2 -2 -2 -2 -2 -2 -2 -2 -2 -2 -2 -2 -2 -2 -2 -2 -2 
-2 -2 -2 -2 -2 -2 -2 -2 -2 -2 -2 -2 -2 -2 -2 -2 -2 -2 
-2 -2 -2 -2 -2 -2 -2 -2 -2 -2 -2 -2 -2 -2 -2 -2 -2 -2 
-2 -2 -2 -2 -2 -2 -2 -2 -2 -2 -2 -2 -2 -2 -2 -2 -2 -2 
-2 -2 -2 -2 -2 -2 -2 -2 256 -2 -2 -2 -2 -2 -2 -2 -2 -2 
-2 -2 -2 -2 -2 -2 -2 -2 -2 -2 -2 -2 -2 -2 -2 -2 -2 -2 
-2 -2 -2 -2 -2 -2 -2 -2 -2 -2 -2 -2 -2 -2 -2 -2 -2 -2 
-2 -2 -2 -2 -2 -2 -2 -2 -2 -2 -2 -2 -2 -2 -2 -2 -2 -2 
-2 -2 -2 768 -2 -2 -2 -2 -2 -2 -2 -2 -2 -2 -2 -2 -2 -2 
-2 -2 -2 -2 -2 -2 -2 -2 -2 -2 -2 -2 -2 -2 -2 -2 -2 -2 
-2 -2 -2 -2 -2 -2 -2 -2 -2 -2 -2 -2 -2 -2 -2 -2 -2 -2 
-2 -2 -2 -2 -2 -2 -2 -2 -2 -2 -2 -2 -2 -2 -2 -2 -2 -2 
-2 -2 -2 -2 -2 -2 -2 -2 -2 -2 -2 -2 -2 -2 -2 -2 -2 -2 
-2 -2 -2 -2 -2 -2 -2 -2 -2 -2 -2 -2 -2 -2 -2 -2 -2 -2 
-2 -2 -2 -2 -2 -2 -2 -2 -2 -2 -2 -2 -2 -2 -2 -2 -2 -2 
-2 -2 -2 -2 -2 -2 -2 -2 -2 -2 -2 -2 -2 -2 -2 -2 -2 -2 
-2 -2 -2 -2 -2 -2 -2 -2 -2 -2 -2 -2 -2 -2 -2 -2 -2 -2 
-2 -2 -2 -2 -2 -2 -2 -2 -2 -2 -2 -2 -2 -2 -2 -2 -2 -2 
-2 -2 -2 -2 -2 -2 -2 -2 -2 -2 -2 -2 -2 -2 -2 -2 -2 -2 
-2 -2 -2 -2 -2 -2 -2 -2 -2 -2 -2 -2 -2 -2 -2 -2 -2 -2 
-2 -2 -2 -2 -2 -2 -2 -2 0 -2 -2 -2 -2 -2 -2 -2 -2 -2 
-2 -2 -2 -2 -2 -2 -2 -2 -2 -2 -2 -2 -2 -2 -2 -2 -2 -2 
-2 -2 -2 -2 -2 -2 -2 -2 -2 -2 -2 -2 -2 -2 -2 -2 -2 -2 
-2 -2 -2 -2 -2 -2 -2 -2 -2 -2 -2 -2 -2 -2 -2 -2 -2 -2 
-2 -2 -2 -2 -2 -2 -2 -2 -2 -2 -2 -2 -2 -2 -2 -2 -2 -2 
-2 -2 -2 -2 -2 -2 -2 -2 -2 -2 -2 -2 -2 -2 -2 -2 -2 -2 
-2 -2 -2 -2 -2 -2 -2 -2 -2 -2 -2 -2 -2 -2 -2 -2 -2 -2 
-2 -2 -2 -2 -2 -2 -2 -2 -2 -2 -2 -2 -2 -2 -2 -2 -2 -2 
-2 -2 -2 -2 -2 -2 -2 -2 -2 -2 -2 -2 -2 -2 -2 -2 -2 -2 
-2 -2 -2 -2 -2 -2 -2 -2 -2 -2 -2 -2 -2 -2 -2 -2 -2 -2 
-2 -2 -2 -2 -2 -2 -2 -2 -2 -2 -2 -2 -2 -2 -2 -2 -2 -2 
-2 -2 -2 -2 -2 -2 -2 -2 -2 -2 -2 -2 -2 -2 -2 -2 -2 -2 
-2 -2 -2 -2 -2 -2 -2 -2 -2 -2 -2 -2 -2 -2 -2 -2 -2 -2 
-2 -2 -2 -2 -2 -2 -2 -2 -2 -2 -2 -2 -2 -2 -2 -2 -2 -2 
-2 -2 -2 -2 -2 -2 -2 -2 -2 -2 -2 -2 -2 -2 -2 -2 -2 -2 
-2 -2 -2 -2 -2 -2 -2 -2 -2 -2 -2 -2 -2 -2 -2 -2 -2 -2 
-2 -2 -2 -2 -2 -2 -2 -2 -2 -2 -2 -2 -2 -2 -2 -2 -2 -2 
-2 -2 -2 -2 -2 -2 -2 -2 -2 -2 -2 -2 -2 -2 -2 -2 -2 -2 
-2 -2 -2 -2 -2 -2 -2 -2 -2 -2 -2 -2 -2 -2 -2 -2 -2 -2 
-2 -2 -2 -2 -2 -2 -2 -2 -2 -2 -2 -2 -2 -2 -2 -2 -2 -2 
-2 -2 -2 -2 -2 -2 -2 -2 -2 -2 -2 -2 -2 -2 -2 -2 -2 -2 
-2 -2 -2 -2 -2 -2 -2 -2 -2 -2 -2 -2 -2 -2 -2 -2 -2 -2 
-2 -2 -2 -2 -2 -2 -2 -2 -2 -2 -2 -2 -2 -2 -2 -2 -2 -2 
-2 -2 -2 -2 -2 -2 -2 -2 -2 -2 -2 -2 -2 -2 -2 -2 -2 -2 
-2 -2 768 -2 -2 -2 -2 -2 -2 -2 -2 -2 -2 -2 -2 -2 -2 -2 
-2 -2 -2 -2 -2 -2 -2 -2 -2 -2 -2 -2 -2 -2 -2 -2 -2 -2 
-2 -2 -2 -2 -2 -2 -2 -2 -2 -2 -2 -2 -2 -2 -2 -2 -2 -2 
-2 -2 -2 -2 -2 -2 -2 -2 -2 -2 -2 -2 -2 -2 -2 -2 -2 -2 
-2 -2 -2 -2 -2 -2 -2 -2 -2 -2 -2 -2 -2 -2 -2 -2 -2 -2 
-2 -2 -2 -2 -2 -2 -2 -2 -2 -2 -2 -2 -2 -2 -2 -2 -2 -2 
-2 -2 512 -2 -2 -2 -2 -2 -2 -2 -2 -2 -2 -2 -2 -2 -2 -2 
-2 -2 -2 -2 -2 -2 -2 -2 -2 -2 -2 -2 -2 -2 -2 -2 -2 -2 
-2 -2 -2 -2 -2 -2 -2 -2 -2 -2 -2 -2 -2 -2 -2 -2 -2 -2 
-2 -2 -2 -2 -2 -2 -2 -2 -2 -2 -2 -2 -2 -2 -2 -2 -2 -2 
-2 -2 -2 -2 -2 -2 -2 -2 -2 -2 -2 -2 -2 -2 -2 -2 -2 -2 
-2 -2 -2 -2 -2 -2 -2 -2 -2 -2 -2 -2 -2 -2 -2 -2 -2 -2 
-2 -2 -2 -2 -2 -2 -2 -2 -2 -2 -2 -2 -2 -2 -2 -2 -2 -2 
-2 -2 -2 -2 -2 -2 -2 -2 -2 -2 -2 -2 -2 -2 -2 -2 -2 -2 
-2 -2 -2 -2 -2 -2 -2 -2 -2 -2 -2 -2 -2 -2 -2 -2 -2 -2 
-2 -2 -2 -2 -2 -2 -2 -2 -2 -2 -2 -2 -2 -2 -2 -2 -2 -2 
-2 -2 -2 -2 -2 -2 -2 -2 -2 -2 -2 -2 -2 -2 -2 -2 -2 -2 
-2 -2 -2 -2 -2 -2 -2 -2 -2 -2 -2 -2 -2 -2 -2 -2 -2 -2 
-2 -2 -2 -2 -2 -2 -2 -2 -2 -2 -2 -2 -2 -2 -2 -2 -2 -2 
-2 -2 -2 -2 -2 -2 -2 -2 -2 -2 -2 -2 -2 -2 -2 -2 -2 -2 
-2 -2 -2 -2 -2 -2 -2 -2 -2 -2 -2 -2 -2 -2 -2 -2 -2 -2 
-2 -2 -2 -2 -2 768 -2 -2 -2 -2 -2 -2 -2 -2 -2 -2 -2 -2 
-2 -2 -2 -2 -2 -2 -2 -2 -2 -2 -2 -2 -2 -2 -2 -2 -2 -2 
-2 -2 -2 -2 -2 -2 -2 -2 -2 -2 -2 -2 -2 -2 -2 -2 -2 -2 
-2 -2 -2 -2 -2 -2 -2 -2 -2 -2 -2 -2 -2 -2 -2 -2 -2 -2 
-2 -2 -2 -2 -2 -2 -2 -2 -2 -2 -2 -2 -2 -2 -2 -2 -2 -2 
-2 -2 -2 -2 -2 -2 -2 -2 -2 -2 -2 -2 -2 -2 -2 -2 -2 -2 
-2 -2 -2 -2 -2 -2 -2 -2 -2 -2 -2 -2 -2 -2 -2 -2 -2 -2 
-2 -2 -2 -2 -2 -2 -2 -2 -2 -2 -2 -2 -2 -2 -2 -2 -2 -2 
-2 -2 -2 -2 -2 -2 -2 -2 -2 -2 -2 -2 -2 -2 -2 -2 -2 -2 
-2 -2 -2 -2 -2 -2 -2 -2 -2 -2 -2 -2 -2 -2 -2 -2 -2 -2 
-2 -2 -2 -2 -2 -2 -2 -2 -2 -2 -2 -2 -2 -2 -2 -2 -2 -2 
-2 -2 -2 -2 -2 -2 -2 -2 -2 -2 -2 -2 -2 -2 -2 -2 -2 -2 
-2 -2 -2 -2 -2 -2 -2 -2 -2 -2 -2 -2 -2 -2 -2 -2 -2 -2 
-2 -2 -2 -2 -2 -2 -2 -2 -2 -2 -2 -2 -2 -2 -2 -2 -2 -2 
