342 0 14.287000 699 0 14.338000 282 0 14.286000 743 8 14.202000 419 0 14.258000 605 0 14.246000 354 0 14.347000 664 0 14.229000 495 0 14.268000 530 0 14.231000 391 0 14.299000 634 0 14.234000 283 0 14.303000 732 0 14.239000 636 0 14.240000 387 0 14.252000 493 0 14.271000 530 0 14.256000 
341 0 64.370003 696 1032 14.270000 282 0 14.298000 746 4 14.216000 419 0 14.260000 605 0 14.276000 354 0 14.342000 664 0 14.235000 495 0 14.342000 530 0 14.232000 392 0 14.237000 634 0 14.241000 283 0 14.318000 732 0 14.226000 636 0 14.261000 387 0 14.218000 493 0 14.229000 530 0 14.273000 
348 8 64.353996 687 1036 14.246000 279 1032 14.267000 747 4 14.205000 419 0 14.280000 605 0 14.285000 354 0 14.272000 664 0 14.213000 495 0 14.318000 530 0 14.216000 393 0 14.224000 633 1028 14.234000 284 4 14.335000 731 0 14.301000 636 0 14.370000 387 0 14.277000 493 0 14.313000 529 0 14.265000 
375 56 64.445984 654 1100 14.302000 270 1040 14.239000 748 4 14.276000 419 0 14.285000 606 4 14.279000 354 0 14.316000 664 0 14.317000 495 0 14.367000 530 0 14.351000 394 0 14.319000 632 0 14.324000 285 4 14.312000 731 0 14.195000 634 0 14.229000 387 0 14.229000 493 0 14.242000 528 0 14.223000 
458 136 64.512001 562 1176 14.349000 260 1044 14.301000 752 4 14.314000 419 0 14.282000 606 0 14.333000 351 1028 14.334000 664 0 14.304000 495 0 14.334000 530 1028 14.317000 394 0 14.267000 632 0 14.234000 285 0 14.288000 731 0 14.257000 635 0 14.263000 387 0 14.214000 492 0 14.309000 528 4 14.230000 
513 88 64.459999 509 1104 14.266000 250 1036 14.222000 751 1028 14.264000 419 0 14.353000 604 0 14.323000 348 1028 14.380000 663 0 14.265000 495 0 14.343000 529 0 14.330000 394 0 14.338000 634 4 14.238000 285 0 14.326000 731 0 14.221000 636 0 14.297000 387 0 14.257000 491 0 14.355000 528 0 14.307000 
536 32 64.537003 504 0 14.371000 196 1148 14.252000 739 1052 14.259000 391 1084 14.320007 589 1056 14.356000 343 1028 14.229000 662 0 14.257000 495 0 14.388000 529 0 14.270000 394 0 14.339000 635 4 14.251000 285 0 14.326000 732 0 14.229000 635 0 14.246000 387 0 14.227000 492 4 14.305000 528 0 14.264000 
543 4 64.459000 504 0 14.287000 139 1088 14.200000 671 1132 14.292000 333 1104 14.281000 551 1092 14.228000 340 1028 14.271000 662 0 14.269000 498 8 14.289000 529 0 14.250000 395 4 14.317000 638 4 14.231000 285 0 14.280000 734 4 14.217000 634 0 14.326000 387 0 14.230000 492 1028 14.347000 529 0 14.346000 
534 1032 64.598000 500 0 14.294000 130 1036 14.261000 605 1112 14.359000 247 1168 14.266000 522 1064 14.239000 339 0 14.295000 662 0 14.270000 498 0 14.192000 529 0 14.218000 396 0 14.314000 638 0 14.312000 285 0 14.241000 734 0 14.221000 632 0 14.312000 387 0 14.212000 492 0 14.192000 529 0 14.253000 
526 1044 64.556000 492 1040 14.295000 131 8 14.279000 581 1048 14.346000 195 1092 14.271000 513 1032 14.270000 340 0 14.257000 662 0 14.293000 497 0 14.187000 529 0 14.222000 396 0 14.252014 638 0 14.274000 285 0 14.297000 734 0 14.279000 632 0 14.323000 387 0 14.300000 492 0 14.326000 528 4 14.347000 
518 1032 64.519997 484 1040 14.278000 137 8 14.259000 594 24 14.214000 209 12 14.341000 543 48 14.270000 339 0 14.332000 662 1028 14.266000 496 1028 14.340000 529 0 14.220000 396 0 14.247000 635 1028 14.229000 285 0 14.301000 732 0 14.268000 632 4 14.261000 387 0 14.225000 491 0 14.258000 528 0 14.253000 
517 1028 64.528000 474 1040 14.340000 181 68 14.323000 637 80 14.285000 269 96 14.329000 612 112 14.237000 340 4 14.260000 661 1028 14.288000 496 0 14.312000 529 0 14.222000 400 4 14.319000 634 0 14.254000 292 8 14.350000 731 0 14.321000 627 1036 14.339000 387 0 14.349000 491 0 14.319000 528 0 14.363000 
514 1028 64.419998 460 1044 14.265000 251 120 14.329000 700 92 14.255000 330 96 14.323000 685 116 14.272000 340 0 14.309000 662 0 14.309000 496 0 14.394000 529 0 14.298000 403 4 14.365000 633 0 14.265000 298 8 14.356000 731 0 14.248000 621 1032 14.371000 387 0 14.280029 491 0 14.306000 528 0 14.310000 
514 0 64.519997 453 1032 14.337000 321 100 14.328000 779 128 14.366000 393 96 14.347000 746 96 14.279000 341 4 14.329000 661 0 14.308000 495 0 14.347000 529 0 14.292000 406 8 14.389000 633 0 14.331000 304 8 14.317000 731 0 14.301000 616 1036 14.320000 387 0 14.268000 491 0 14.349000 528 0 14.341000 
514 0 64.449997 453 0 14.277000 378 84 14.231000 856 120 14.260000 453 96 14.301000 790 56 14.227000 343 4 14.290000 661 0 14.263000 495 0 14.258000 529 0 14.264000 409 4 14.292000 633 0 14.217000 308 4 14.325000 731 0 14.262000 613 0 14.279000 387 0 14.264000 491 0 14.257000 528 0 14.303000 
514 0 64.390999 458 8 14.278000 422 60 14.260000 876 12 14.316000 498 72 14.256000 831 72 14.224000 343 0 14.317000 661 0 14.272000 496 0 14.296000 529 0 14.213000 409 0 14.280000 633 0 14.227000 308 0 14.242000 731 0 14.231000 612 0 14.303000 387 0 14.220000 491 0 14.296000 528 0 14.238000 
515 0 64.421021 458 0 14.286000 426 1032 14.258000 875 0 14.307000 500 1028 14.283000 832 1028 14.261000 344 4 14.242000 664 4 14.267000 496 4 14.299000 530 0 14.303000 411 0 14.317000 634 4 14.228000 309 0 14.288000 731 0 14.233000 612 0 14.325000 387 0 14.231000 492 4 14.215000 528 0 14.226000 
522 12 64.445999 453 1036 14.337000 392 1068 14.225000 841 1104 14.210000 460 1128 14.192000 762 1164 14.235000 344 0 14.242000 664 0 14.271000 496 0 14.290000 530 0 14.255000 414 4 14.319000 634 0 14.309000 310 4 14.326000 731 0 14.263000 610 1032 14.352000 387 0 14.256000 491 1028 14.332000 528 0 14.243000 
541 24 64.434998 460 8 14.251000 286 1200 14.261000 769 1148 14.270000 377 1160 14.240000 665 1172 14.220000 344 0 14.229000 664 0 14.303000 496 0 14.316000 530 0 14.309000 416 4 14.315000 635 0 14.257000 314 8 14.276000 731 0 14.238000 606 1028 14.315000 387 0 14.287000 491 0 14.319000 528 0 14.274000 
546 8 64.467003 474 24 14.267000 187 1172 14.204000 688 1152 14.271000 330 1088 14.342000 592 1136 14.258972 345 0 14.333000 664 0 14.315000 496 0 14.258000 530 0 14.263000 417 0 14.385000 635 0 14.299000 315 0 14.356000 731 0 14.274000 605 0 14.302000 387 0 14.255000 491 0 14.340000 528 0 14.230000 
536 1040 64.512001 489 20 14.339000 134 1104 14.295000 613 1124 14.275000 276 1116 14.240000 529 1120 14.297000 345 0 14.282000 664 0 14.288000 496 0 14.292000 530 0 14.216000 418 4 14.289000 635 0 14.238000 318 4 14.315000 732 4 14.245000 603 1028 14.249000 387 0 14.225000 491 0 14.299000 528 0 14.360000 
514 1060 64.406998 492 4 14.367000 124 1040 14.253000 578 1076 14.289000 205 1136 14.340000 499 1060 14.296000 345 0 14.307000 664 0 14.328000 496 0 14.413000 530 0 14.272000 418 0 14.387000 635 0 14.272000 319 4 14.321000 732 0 14.269000 602 0 14.361000 387 0 14.255000 490 1028 14.309000 528 0 14.314000 
504 1040 64.459999 486 1028 14.357000 126 0 14.294000 577 1028 14.234000 205 8 14.235000 502 4 14.249000 345 0 14.267000 664 0 14.175000 496 0 14.232000 530 0 14.220000 419 0 14.291016 633 1028 14.220000 319 0 14.303000 731 0 14.244000 602 0 14.341000 386 1028 14.229000 491 0 14.275000 528 0 14.248000 
503 0 64.399002 480 1032 14.202000 130 0 14.245000 644 136 14.244000 236 60 14.327000 572 144 14.313000 344 1028 14.359000 663 0 14.330000 495 0 14.370000 529 0 14.300000 420 4 14.339000 631 1028 14.358000 320 0 14.362000 731 0 14.286000 602 0 14.309000 386 0 14.315000 491 0 14.344000 528 0 14.293000 
493 1044 64.401001 479 4 14.266000 144 20 14.300000 745 152 14.272000 267 48 14.272000 647 116 14.290000 344 0 14.345000 663 0 14.272000 496 0 14.313000 529 0 14.286000 420 0 14.272000 632 4 14.295000 320 0 14.357000 731 0 14.243000 602 0 14.273000 386 0 14.290000 491 0 14.359000 528 0 14.294000 
466 1076 64.472000 516 72 14.281000 151 16 14.258000 802 104 14.356000 263 0 14.288000 702 84 14.255000 345 4 14.218000 663 4 14.253000 496 0 14.285000 529 0 14.240000 419 1028 14.281000 632 4 14.198000 320 0 14.271000 731 0 14.274000 602 0 14.376000 386 0 14.280029 491 0 14.284000 528 0 14.255000 
460 1036 64.384003 556 72 14.253000 145 1040 14.234000 813 12 14.218000 245 1052 14.231000 736 48 14.217000 344 0 14.260000 662 0 14.202000 496 0 14.215000 529 0 14.265000 419 0 14.365000 632 0 14.238000 320 0 14.274000 731 0 14.229000 602 0 14.348000 386 0 14.240000 491 0 14.260000 528 0 14.223000 
453 1040 64.414001 586 48 14.251000 146 0 14.254000 822 20 14.305000 231 1048 14.260000 763 44 14.231000 344 0 14.248000 662 0 14.221000 496 0 14.282000 529 0 14.223000 419 0 14.367000 632 0 14.279000 320 0 14.252000 731 0 14.274000 602 0 14.365000 386 0 14.276000 491 0 14.314000 528 0 14.267000 
441 1044 64.480003 587 1028 14.314000 144 1028 14.300000 826 8 14.297000 225 1028 14.381000 771 20 14.294000 344 0 14.321000 663 4 14.288000 496 0 14.394000 529 0 14.277000 420 4 14.406000 631 1028 14.292000 320 0 14.321000 731 0 14.306000 603 4 14.347000 386 0 14.292000 490 0 14.361000 528 0 14.375000 
489 60 64.427002 534 1100 14.298000 150 8 14.286000 820 0 14.259000 220 1032 14.282000 772 0 14.217000 343 0 14.303000 663 0 14.255000 497 0 14.281000 529 1028 14.232000 427 8 14.372000 631 0 14.246000 324 8 14.346000 731 0 14.315000 601 1028 14.348000 386 0 14.307000 491 0 14.351000 528 0 14.298000 
577 144 64.546997 445 1160 14.293000 151 4 14.267000 821 4 14.323000 216 1032 14.316000 772 0 14.291000 343 0 14.282000 662 0 14.260000 497 0 14.268000 529 0 14.205000 428 0 14.302000 631 0 14.231000 324 0 14.258000 731 0 14.216000 601 0 14.266000 386 0 14.271000 491 0 14.303000 528 0 14.207000 
646 112 64.461998 373 1132 14.306000 156 4 14.253000 821 0 14.253000 214 1028 14.228000 772 0 14.294000 343 0 14.252000 662 0 14.226000 497 0 14.289000 529 0 14.182000 428 1028 14.288000 631 0 14.286000 324 0 14.363000 731 0 14.267000 601 0 14.318000 386 0 14.273000 491 0 14.341000 528 0 14.308000 
658 16 64.466003 337 1080 14.345000 157 0 14.301000 825 4 14.268000 213 0 14.310000 772 0 14.252014 343 0 14.274000 661 0 14.244000 497 0 14.265000 529 0 14.259000 428 1028 14.359000 632 0 14.349000 324 0 14.425000 731 0 14.357000 601 0 14.277000 386 0 14.265000 491 0 14.323000 528 0 14.330000 
656 1028 64.385002 331 0 14.327000 155 0 14.275000 822 1028 14.234000 213 0 14.228000 770 1032 14.319000 344 0 14.227000 661 0 14.214000 497 0 14.246000 530 0 14.242000 426 1032 14.204000 635 0 14.204000 324 0 14.275000 731 0 14.218000 600 1028 14.277000 387 0 14.258000 494 8 14.231000 528 0 14.236000 
635 1052 64.375000 351 32 14.243000 159 4 14.239000 811 1040 14.319000 222 12 14.206000 762 1028 14.235000 345 0 14.237000 661 1028 14.244000 497 0 14.213000 530 0 14.272000 425 1028 14.271000 641 8 14.237000 323 0 14.243000 731 0 14.217000 600 1028 14.273000 387 4 14.277000 494 0 14.236000 528 0 14.197000 
555 1136 64.461998 425 108 14.313000 202 68 14.286000 758 1116 14.360000 246 40 14.359000 738 1064 14.337000 345 0 14.306000 661 0 14.253000 499 0 14.258000 530 0 14.254000 413 1040 14.341003 655 24 14.230000 323 0 14.228000 732 4 14.221000 597 1028 14.318000 387 0 14.215000 497 8 14.256000 529 0 14.247000 
490 1092 64.450996 493 84 14.244000 316 196 14.208000 661 1180 14.300000 290 76 14.271000 692 1100 14.222000 344 0 14.275000 660 0 14.249000 502 4 14.279000 531 0 14.233000 413 4 14.271000 652 1028 14.225000 322 0 14.278000 735 4 14.207000 597 0 14.248000 386 1028 14.230000 495 1032 14.285000 528 1028 14.227000 
482 1036 64.502998 525 48 14.298000 444 192 14.232000 557 1184 14.228000 340 76 14.316000 622 1128 14.219000 343 1028 14.265000 659 0 14.333000 502 0 14.294000 531 0 14.202000 415 0 14.269000 652 0 14.219000 322 0 14.343000 738 8 14.195000 597 0 14.205000 385 0 14.227000 495 0 14.292000 528 0 14.238000 
453 1076 64.383003 540 24 14.332000 526 168 14.255000 500 1096 14.230000 375 40 14.263000 577 1064 14.259000 343 0 14.305000 659 0 14.243000 504 0 14.247000 530 1028 14.291000 417 4 14.266000 651 0 14.269000 323 4 14.333000 739 4 14.270000 596 0 14.243000 384 0 14.290000 495 0 14.385010 528 0 14.274000 
415 1072 64.494003 549 20 14.267000 532 8 14.279000 498 0 14.243000 385 16 14.324000 576 0 14.223000 343 0 14.293000 659 0 14.308000 504 0 14.394000 530 0 14.252000 419 4 14.339000 650 1028 14.274000 323 0 14.254000 740 0 14.276000 596 0 14.406000 382 0 14.329000 495 0 14.329000 528 0 14.300000 
401 1052 64.481003 558 20 14.335000 540 12 14.308000 495 1040 14.313000 390 8 14.212000 576 0 14.282000 343 0 14.276000 660 0 14.235000 504 0 14.264000 530 0 14.274000 420 0 14.361000 649 1028 14.224000 323 0 14.306000 740 0 14.264000 596 0 14.261000 384 0 14.218000 497 8 14.282000 528 0 14.228000 
404 16 64.349998 551 0 14.287000 542 4 14.298000 498 4 14.302000 388 1028 14.327000 578 8 14.298000 343 0 14.324000 660 0 14.264000 504 0 14.382000 531 4 14.279000 423 4 14.250000 645 1028 14.270000 323 0 14.374000 739 0 14.302000 597 4 14.355000 382 0 14.310000 497 0 14.321000 528 0 14.330000 
476 136 64.448975 502 1132 14.383000 540 0 14.295000 511 16 14.328000 388 0 14.389000 583 8 14.314000 343 0 14.362000 660 0 14.291000 504 0 14.283000 530 0 14.208000 425 0 14.306000 642 1032 14.214000 323 0 14.296000 738 0 14.213000 599 4 14.261000 382 0 14.259000 497 0 14.324000 528 0 14.245000 
577 164 64.445000 400 1192 14.299000 536 1032 14.300000 526 28 14.335000 387 0 14.327000 586 0 14.319000 343 0 14.287000 660 0 14.311000 504 0 14.364000 530 0 14.329000 426 4 14.419000 641 0 14.290000 323 0 14.282000 738 0 14.245000 599 0 14.375000 382 0 14.244000 496 1028 14.312000 528 0 14.254000 
680 160 64.485001 302 1176 14.396000 533 1028 14.291000 535 16 14.306000 386 1028 14.259000 590 8 14.179000 343 0 14.216000 660 0 14.240000 504 0 14.230000 530 0 14.245000 426 0 14.280000 641 0 14.246000 323 0 14.331000 738 0 14.236000 599 0 14.263000 382 0 14.319000 495 0 14.396000 528 0 14.257000 
753 112 64.416000 224 1140 14.337000 525 1040 14.255000 548 28 14.240000 378 1032 14.277000 608 36 14.239014 343 0 14.204000 660 0 14.195000 504 0 14.285000 530 0 14.264000 426 0 14.286000 642 4 14.197000 323 0 14.286000 738 0 14.233000 597 0 14.375000 382 0 14.242000 495 0 14.245000 528 0 14.276000 
769 20 64.385002 219 8 14.329000 500 1072 14.261000 566 20 14.223000 363 1044 14.208000 621 12 14.204000 343 0 14.273000 660 0 14.241000 504 0 14.232000 530 0 14.247000 425 1028 14.330000 642 0 14.203000 323 0 14.232000 738 0 14.230000 597 0 14.282000 382 0 14.224000 495 0 14.306000 528 0 14.321000 
789 36 64.374001 218 0 14.274000 449 1108 14.302000 617 80 14.297000 308 1116 14.256000 681 96 14.239000 343 0 14.291000 660 0 14.264000 504 0 14.249000 530 0 14.271000 425 0 14.312000 642 0 14.223000 323 0 14.271000 738 0 14.249000 597 0 14.255000 382 0 14.235000 495 0 14.242000 528 0 14.247000 
813 36 64.467003 215 0 14.318000 393 1104 14.232000 671 84 14.264000 261 1092 14.257000 735 80 14.239000 343 0 14.325000 660 0 14.279000 504 0 14.303000 530 0 14.263000 425 0 14.374000 642 0 14.247986 323 0 14.312000 738 0 14.324000 597 0 14.388000 382 0 14.270000 495 0 14.361000 528 0 14.287000 
830 24 64.485001 210 1032 14.351000 346 1092 14.289000 724 72 14.305000 226 1076 14.261000 767 52 14.260000 343 0 14.259000 660 0 14.272000 504 0 14.284000 530 0 14.203000 425 0 14.328000 643 4 14.232000 323 0 14.278000 739 0 14.277000 597 0 14.210000 382 0 14.287000 495 0 14.301000 528 0 14.350000 
839 16 64.351997 207 1028 14.277000 316 1072 14.233000 762 52 14.234000 200 1064 14.283000 774 0 14.258000 344 0 14.355000 660 0 14.308000 504 0 14.352000 530 0 14.271000 425 0 14.285000 643 0 14.240000 323 0 14.302000 738 1028 14.255000 597 0 14.344000 382 0 14.289000 496 4 14.325000 528 0 14.279000 
847 12 64.513000 210 8 14.341000 306 1036 14.290000 760 1032 14.282000 189 1036 14.290000 771 1028 14.366000 346 4 14.294000 660 1028 14.290000 504 0 14.318000 530 0 14.289000 425 0 14.321000 644 0 14.260000 323 0 14.393000 739 0 14.353000 596 0 14.365000 382 0 14.353000 495 0 14.338989 528 0 14.279000 
867 36 64.541000 315 168 14.304000 301 1036 14.299000 765 8 14.290000 186 1028 14.437000 770 1028 14.283000 350 4 14.325000 660 0 14.276000 504 0 14.252000 530 0 14.282000 423 1028 14.302000 646 4 14.264000 323 0 14.287000 739 0 14.236000 596 0 14.277000 382 0 14.228000 496 0 14.286000 528 0 14.285000 
880 16 64.325996 478 232 14.287000 295 1032 14.290000 772 16 14.310000 186 0 14.254000 770 0 14.240000 350 0 14.280000 660 0 14.208000 504 0 14.270000 530 0 14.279000 423 0 14.230000 646 1028 14.219000 323 0 14.286000 739 0 14.212000 596 0 14.322000 382 0 14.233000 496 0 14.314000 528 0 14.268000 
880 0 64.476997 536 48 14.329000 293 1028 14.261000 769 1032 14.334000 186 0 14.313000 770 0 14.353000 350 4 14.338000 660 0 14.305000 504 0 14.352000 530 0 14.287000 425 0 14.357000 646 0 14.303000 323 0 14.316000 739 0 14.286000 596 0 14.355000 382 0 14.302000 496 0 14.257000 528 0 14.329000 
874 1036 64.481018 533 0 14.336000 294 0 14.250000 816 104 14.336000 186 0 14.307000 784 24 14.249000 350 0 14.267000 660 0 14.231000 504 0 14.238000 530 0 14.239000 425 0 14.309000 646 0 14.234000 323 0 14.233000 739 0 14.232000 596 0 14.308000 382 0 14.237000 495 0 14.324000 528 0 14.279000 
871 1028 64.497002 533 0 14.249000 294 0 14.209000 888 108 14.343000 182 1032 14.263000 815 68 14.296000 349 1028 14.256000 660 0 14.239000 504 0 14.261000 530 0 14.209000 425 0 14.284000 646 0 14.225000 323 0 14.336000 739 0 14.234000 596 0 14.303000 382 0 14.220000 495 0 14.264000 528 0 14.271000 
866 1032 64.471001 526 1048 14.280000 297 4 14.242000 870 1060 14.300000 183 0 14.258000 803 1040 14.262000 350 0 14.280000 661 4 14.277000 502 0 14.275000 530 0 14.284000 425 0 14.345000 647 4 14.289000 323 0 14.411000 739 0 14.301000 596 0 14.334000 382 0 14.285000 495 0 14.353000 528 0 14.279000 
816 1100 64.448997 476 1104 14.402000 309 20 14.310000 817 1104 14.264000 195 32 14.254000 777 1068 14.249000 350 0 14.284973 661 0 14.332000 501 1028 14.269000 530 0 14.251000 425 0 14.312000 647 0 14.215000 324 0 14.261000 739 0 14.200000 596 0 14.322000 382 0 14.230000 495 0 14.299000 528 0 14.240000 
702 1220 64.464996 372 1208 14.261000 328 12 14.232000 775 1080 14.295000 207 20 14.313000 769 1028 14.316000 351 0 14.289000 661 0 14.274000 501 0 14.235000 530 0 14.244000 425 0 14.296000 647 0 14.272000 324 1028 14.243000 739 0 14.230000 596 0 14.327000 382 0 14.262000 495 0 14.215000 528 0 14.177000 
561 1256 64.425003 247 1216 14.203000 330 4 14.255000 763 1044 14.305000 220 20 14.210000 771 0 14.278000 351 0 14.287000 660 1028 14.282000 501 0 14.324000 530 0 14.219000 425 0 14.366000 647 0 14.258000 324 0 14.374000 739 0 14.253000 596 0 14.326000 382 0 14.314000 496 0 14.318000 528 0 14.310000 
498 1128 64.497002 204 1084 14.349000 330 0 14.251000 768 16 14.250000 222 1036 14.351000 773 4 14.288000 351 0 14.285000 660 0 14.253000 501 0 14.227000 530 0 14.216000 425 0 14.287000 646 0 14.270996 324 0 14.319000 739 0 14.237000 596 0 14.409000 382 0 14.310000 495 1028 14.296000 528 0 14.366000 
479 1056 64.537003 211 12 14.342000 281 1120 14.277000 778 16 14.295000 163 1128 14.335000 781 12 14.275000 350 1028 14.329000 659 0 14.342000 502 0 14.351000 530 0 14.284000 425 0 14.357000 646 4 14.251000 324 0 14.268000 739 0 14.220000 596 0 14.297000 382 0 14.219000 495 0 14.239000 528 0 14.256000 
460 1052 64.464996 213 0 14.266000 238 1084 14.209000 786 16 14.295000 160 0 14.257000 787 8 14.239000 349 0 14.291000 659 0 14.296000 502 0 14.346000 530 0 14.336000 425 0 14.446000 646 1028 14.322000 324 0 14.286000 739 0 14.265000 596 0 14.383000 383 4 14.256000 496 4 14.319000 528 0 14.304000 
486 28 64.429001 247 40 14.351000 255 36 14.292000 785 1032 14.287000 175 32 14.368000 777 1040 14.305000 349 0 14.322000 660 4 14.310000 502 0 14.310000 531 0 14.276000 425 0 14.295000 645 1028 14.306000 324 0 14.258000 735 1028 14.257000 596 0 14.322000 386 4 14.298000 496 0 14.304000 528 0 14.254028 
589 180 64.547997 373 196 14.264000 294 56 14.247000 762 1056 14.331000 193 24 14.326000 756 1060 14.311000 349 0 14.269000 660 0 14.248000 504 4 14.278000 531 0 14.272000 426 4 14.284000 639 1036 14.229000 324 0 14.275000 732 1032 14.271000 597 0 14.355000 391 8 14.270000 497 0 14.214000 528 0 14.277000 
690 164 64.434998 418 44 14.268000 306 12 14.271000 757 1040 14.301000 203 16 14.257000 744 1044 14.222000 349 0 14.295000 660 0 14.270000 502 0 14.269000 531 0 14.247000 428 8 14.343000 624 1052 14.241000 324 0 14.261000 721 1036 14.233000 598 0 14.289000 399 12 14.270000 497 0 14.329000 524 1028 14.258000 
765 120 64.547997 325 1176 14.415000 304 0 14.344000 767 28 14.352000 213 16 14.365000 748 4 14.328000 348 0 14.447000 660 0 14.288000 504 0 14.281000 530 0 14.256000 428 0 14.323000 610 1048 14.309000 324 0 14.410000 708 1044 14.296000 598 0 14.331000 411 20 14.291000 497 0 14.350000 523 1028 14.259000 
826 84 64.402000 200 1196 14.340027 299 1036 14.245000 790 36 14.286000 216 4 14.260000 752 0 14.238000 348 0 14.387000 660 0 14.267000 504 0 14.348000 530 1028 14.280000 428 0 14.373000 603 1028 14.269000 324 0 14.341000 700 1036 14.286000 597 1028 14.339000 417 12 14.299000 497 0 14.316000 523 0 14.309000 
847 24 64.570000 169 1052 14.353000 278 1060 14.250000 799 20 14.333000 216 0 14.327000 747 1032 14.278000 346 0 14.309000 660 0 14.281000 502 4 14.344000 530 1028 14.287000 425 1028 14.282000 604 4 14.262000 324 0 14.347000 696 1028 14.265000 596 0 14.275000 421 4 14.270000 498 4 14.400000 524 0 14.291000 
816 1060 64.559998 202 48 14.338000 256 1060 14.360000 803 8 14.366000 223 12 14.291000 746 0 14.266000 349 4 14.330000 659 1028 14.312000 504 0 14.416000 530 0 14.293000 419 1032 14.356000 609 4 14.244000 324 0 14.291000 695 0 14.256000 596 0 14.301000 422 4 14.280000 500 4 14.365000 524 0 14.322000 
727 1188 64.528000 299 164 14.318000 249 1032 14.357000 803 0 14.280000 230 8 14.385000 745 0 14.341000 350 0 14.888977 659 1028 14.272000 504 0 14.232000 530 0 14.200000 411 1036 14.129000 615 8 14.260000 323 0 14.240000 689 1032 14.236000 596 0 14.262000 430 8 14.211000 504 4 14.296000 524 0 14.286000 
602 1220 64.439003 418 184 14.283000 242 1036 14.243000 805 0 14.262000 230 0 14.330000 745 0 14.259000 351 0 14.320000 659 0 14.295000 504 0 14.304000 529 0 14.232000 406 1028 14.273000 615 0 14.232000 323 0 14.281000 683 1036 14.241000 596 0 14.193000 436 8 14.220000 505 1028 14.265000 524 0 14.273000 
498 1188 64.430000 527 176 14.352000 245 1032 14.292000 796 1056 14.260000 240 32 14.266000 740 1044 14.273000 351 0 14.297000 659 0 14.264000 504 0 14.253000 529 0 14.230000 404 1028 14.322000 613 0 14.285000 319 1032 14.360000 679 1028 14.308000 600 12 14.332000 439 4 14.259000 508 8 14.326000 524 0 14.286000 
435 1092 64.433998 587 72 14.270000 352 176 14.249000 689 1204 14.289000 295 84 14.289000 691 1112 14.234000 349 0 14.244000 658 0 14.239000 506 4 14.261000 530 0 14.211000 405 0 14.330000 611 0 14.270020 315 1032 14.295000 678 0 14.207000 601 0 14.304000 440 4 14.216000 509 0 14.326000 524 0 14.227000 
370 1136 64.516998 630 80 14.338000 449 148 14.309000 590 1172 14.308000 363 108 14.325000 627 1124 14.298000 348 1028 14.370000 656 1028 14.364000 506 0 14.380000 530 0 14.314000 411 8 14.375000 606 1032 14.285000 316 0 14.304000 678 0 14.270000 600 1028 14.251000 440 0 14.242000 508 0 14.248000 524 0 14.311000 
333 1084 64.403000 639 12 14.294000 516 124 14.288000 509 1128 14.227000 412 60 14.363000 577 1072 14.317000 345 0 14.305000 656 0 14.281000 506 0 14.349000 530 0 14.249000 417 12 14.326000 600 1036 14.244000 318 4 14.381000 678 0 14.260000 600 0 14.343000 439 1028 14.273000 508 0 14.239000 524 0 14.272000 
319 1040 64.388000 649 16 14.276000 526 4 14.211000 502 1028 14.253000 419 4 14.281000 575 0 14.205000 345 0 14.234000 656 0 14.191000 506 0 14.237000 530 0 14.263000 418 0 14.236000 600 0 14.221000 318 0 14.387000 678 0 14.286000 599 0 14.330000 439 0 14.313000 508 0 14.374000 524 0 14.249023 
311 1036 64.414001 651 0 14.255000 529 8 14.219000 503 4 14.230000 420 0 14.256000 576 0 14.284000 345 0 14.237000 656 0 14.298000 506 0 14.351000 530 0 14.239000 418 0 14.318000 599 0 14.287000 318 0 14.364000 678 0 14.260000 600 4 14.355000 439 0 14.279000 508 0 14.241000 524 0 14.266000 
313 8 64.546997 637 1036 14.276000 534 8 14.221000 503 0 14.210000 419 0 14.272000 576 1028 14.259000 345 0 14.271000 656 0 14.261000 506 0 14.268000 530 0 14.222000 419 4 14.284000 597 1028 14.205000 318 0 14.284000 678 0 14.218000 599 0 14.257000 439 0 14.218000 508 0 14.300000 524 0 14.296000 
352 84 64.434998 573 1144 14.274000 536 0 14.222000 508 8 14.281000 419 0 14.293000 583 8 14.241000 345 0 14.292000 658 4 14.264000 506 0 14.278000 530 0 14.281000 423 4 14.245000 596 0 14.209000 320 0 14.283000 678 0 14.185000 597 1028 14.269000 439 0 14.226000 508 0 14.339000 524 0 14.243000 
432 124 64.430000 485 1168 14.247986 536 1028 14.210000 522 20 14.299000 411 1028 14.251000 608 40 14.320000 345 0 14.264000 658 0 14.206000 506 0 14.209000 530 0 14.270000 423 0 14.234000 595 0 14.209000 320 0 14.261000 679 0 14.220000 597 0 14.270000 438 0 14.251000 507 1028 14.264000 524 0 14.230000 
512 116 64.388000 386 1180 14.315000 536 0 14.308000 537 24 14.248000 396 1040 14.312000 638 44 14.330000 345 0 14.313000 658 0 14.248000 507 4 14.265000 530 0 14.220000 425 4 14.324000 595 0 14.218000 320 0 14.241000 679 0 14.245000 597 0 14.322000 438 0 14.248000 507 0 14.293000 524 0 14.344000 
585 116 64.397003 261 1208 14.343000 540 12 14.259000 542 4 14.233000 393 1032 14.308000 661 32 14.324000 345 0 14.252000 658 0 14.326000 507 0 14.369000 530 0 14.280000 425 0 14.330000 593 0 14.265000 320 0 14.365000 679 0 14.298000 597 0 14.347000 438 0 14.309000 507 0 14.289000 524 0 14.362000 
625 60 64.543999 227 1060 14.356000 547 12 14.354000 572 32 14.310000 391 0 14.315000 718 88 14.267000 345 0 14.294983 658 0 14.302000 507 0 14.324000 530 0 14.218000 425 0 14.260000 593 0 14.286000 320 0 14.348000 679 0 14.233000 597 0 14.268000 438 1028 14.247000 507 0 14.306000 524 0 14.287000 
651 40 64.287003 200 1068 14.193000 550 4 14.226000 624 72 14.270000 378 1048 14.270000 815 148 14.284000 345 0 14.290000 658 0 14.276000 507 0 14.273000 530 0 14.287000 425 0 14.256000 593 0 14.296000 320 0 14.294000 679 0 14.261000 597 0 14.368000 438 0 14.281000 507 0 14.331000 524 0 14.240000 
668 20 64.382004 180 1048 14.315000 559 16 14.266000 660 52 14.355000 368 1036 14.284000 866 68 14.297000 345 0 14.317000 658 0 14.298000 507 0 14.338000 530 0 14.277000 425 0 14.336000 593 0 14.255000 320 0 14.298000 679 0 14.247000 597 0 14.335000 439 4 14.246000 507 0 14.311000 524 0 14.226000 
673 12 64.448997 170 1040 14.255000 567 12 14.234000 692 48 14.290000 356 1044 14.285000 866 0 14.269000 345 0 14.219000 658 4 14.246000 507 0 14.236000 530 0 14.304000 423 1028 14.307000 593 0 14.242000 321 0 14.307983 679 0 14.229000 597 0 14.309000 438 4 14.227000 508 4 14.286000 524 0 14.214000 
656 1060 64.370003 169 0 14.271000 536 1068 14.267000 695 4 14.271000 298 1136 14.269000 866 0 14.215000 348 8 14.284000 659 4 14.263000 507 0 14.276000 530 0 14.212000 422 0 14.335000 595 0 14.210000 321 0 14.267000 679 1028 14.219000 597 1028 14.297000 439 0 14.236000 508 0 14.254000 524 0 14.219000 
575 1168 64.435997 168 0 14.302000 471 1120 14.247000 691 1032 14.282000 239 1116 14.281000 866 0 14.306000 350 4 14.277000 660 4 14.265000 507 0 14.215000 529 0 14.210000 422 0 14.334000 596 0 14.225000 321 0 14.287000 678 0 14.239000 596 0 14.306000 439 0 14.222000 509 0 14.332000 524 0 14.222000 
469 1204 64.569000 167 0 14.293000 422 1108 14.314000 685 1028 14.367000 209 1072 14.362000 866 0 14.280000 349 0 14.339000 660 0 14.287000 507 0 14.277000 529 0 14.240000 422 0 14.356000 596 0 14.202000 320 0 14.264000 678 0 14.262000 596 0 14.293000 439 0 14.204000 508 1028 14.290000 524 0 14.323975 
448 1028 64.452003 188 28 14.324000 361 1112 14.323000 696 16 14.272000 166 1104 14.280000 866 0 14.271000 348 1028 14.206000 660 0 14.279000 507 0 14.370000 529 0 14.283000 422 0 14.268000 596 0 14.227000 321 0 14.364000 678 0 14.231000 596 0 14.261000 439 0 14.259000 508 0 14.291000 524 0 14.284000 
451 8 64.442001 209 24 14.262000 273 1132 14.223000 702 8 14.240000 160 0 14.228000 866 4 14.304000 348 0 14.215000 660 0 14.286000 507 0 14.224000 529 0 14.327000 423 0 14.221000 596 0 14.266000 321 0 14.293000 678 0 14.293000 596 0 14.315000 439 0 14.307000 508 0 14.330000 524 0 14.307000 
453 1028 64.570999 205 1040 14.375000 257 1056 14.371000 697 1032 14.349000 160 0 14.319000 866 1028 14.240000 348 0 14.279000 661 4 14.246000 507 0 14.260000 530 0 14.193000 423 0 14.270000 596 0 14.235000 321 0 14.292000 678 0 14.308000 596 0 14.320000 439 0 14.291000 509 4 14.307000 524 0 14.341000 
447 1036 64.363998 223 12 14.302979 255 1028 14.283000 699 8 14.269000 160 0 14.282000 865 1028 14.221000 349 4 14.217000 660 0 14.275000 507 0 14.311000 530 0 14.233000 422 0 14.255000 596 0 14.203000 321 0 14.225000 678 0 14.208000 596 0 14.228000 439 0 14.234000 510 0 14.303000 524 0 14.330000 
469 36 64.580002 343 208 14.320000 248 1028 14.319000 695 1032 14.363000 160 0 14.381000 861 1032 14.316000 348 1028 14.276000 659 0 14.217000 507 0 14.361000 530 0 14.308000 422 0 14.320000 596 0 14.253000 321 0 14.389000 678 0 14.290000 596 0 14.328000 439 0 14.274000 509 1028 14.347000 524 0 14.266000 
543 112 64.502998 481 212 14.352000 251 8 14.238000 691 0 14.307000 163 4 14.316000 854 1036 14.277000 346 0 14.285000 659 0 14.314000 507 0 14.300000 530 0 14.272000 422 0 14.327000 596 0 14.320000 321 0 14.328000 678 0 14.257000 596 0 14.339000 439 0 14.274000 509 1028 14.311000 524 0 14.284000 
630 128 64.492996 594 192 14.330000 280 44 14.232000 695 12 14.290000 185 36 14.277000 854 4 14.302000 346 0 14.363000 659 0 14.249023 507 0 14.373000 530 0 14.270000 422 0 14.307000 596 0 14.291000 321 0 14.351000 678 0 14.263000 596 0 14.317000 439 0 14.274000 509 0 14.319000 524 0 14.345000 
