342 699 282 743 419 605 354 664 495 530 391 634 283 732 636 387 493 530 
341 696 282 746 419 605 354 664 495 530 392 634 283 732 636 387 493 530 
348 687 279 747 419 605 354 664 495 530 393 633 284 731 636 387 493 529 
375 654 270 748 419 606 354 664 495 530 394 632 285 731 634 387 493 528 
458 562 260 752 419 606 351 664 495 530 394 632 285 731 635 387 492 528 
513 509 250 751 419 604 348 663 495 529 394 634 285 731 636 387 491 528 
536 504 196 739 391 589 343 662 495 529 394 635 285 732 635 387 492 528 
543 504 139 671 333 551 340 662 498 529 395 638 285 734 634 387 492 529 
534 500 130 605 247 522 339 662 498 529 396 638 285 734 632 387 492 529 
526 492 131 581 195 513 340 662 497 529 396 638 285 734 632 387 492 528 
518 484 137 594 209 543 339 662 496 529 396 635 285 732 632 387 491 528 
517 474 181 637 269 612 340 661 496 529 400 634 292 731 627 387 491 528 
514 460 251 700 330 685 340 662 496 529 403 633 298 731 621 387 491 528 
514 453 321 779 393 746 341 661 495 529 406 633 304 731 616 387 491 528 
514 453 378 856 453 790 343 661 495 529 409 633 308 731 613 387 491 528 
514 458 422 876 498 831 343 661 496 529 409 633 308 731 612 387 491 528 
515 458 426 875 500 832 344 664 496 530 411 634 309 731 612 387 492 528 
522 453 392 841 460 762 344 664 496 530 414 634 310 731 610 387 491 528 
541 460 286 769 377 665 344 664 496 530 416 635 314 731 606 387 491 528 
546 474 187 688 330 592 345 664 496 530 417 635 315 731 605 387 491 528 
536 489 134 613 276 529 345 664 496 530 418 635 318 732 603 387 491 528 
514 492 124 578 205 499 345 664 496 530 418 635 319 732 602 387 490 528 
504 486 126 577 205 502 345 664 496 530 419 633 319 731 602 386 491 528 
503 480 130 644 236 572 344 663 495 529 420 631 320 731 602 386 491 528 
493 479 144 745 267 647 344 663 496 529 420 632 320 731 602 386 491 528 
466 516 151 802 263 702 345 663 496 529 419 632 320 731 602 386 491 528 
460 556 145 813 245 736 344 662 496 529 419 632 320 731 602 386 491 528 
453 586 146 822 231 763 344 662 496 529 419 632 320 731 602 386 491 528 
441 587 144 826 225 771 344 663 496 529 420 631 320 731 603 386 490 528 
489 534 150 820 220 772 343 663 497 529 427 631 324 731 601 386 491 528 
577 445 151 821 216 772 343 662 497 529 428 631 324 731 601 386 491 528 
646 373 156 821 214 772 343 662 497 529 428 631 324 731 601 386 491 528 
658 337 157 825 213 772 343 661 497 529 428 632 324 731 601 386 491 528 
656 331 155 822 213 770 344 661 497 530 426 635 324 731 600 387 494 528 
635 351 159 811 222 762 345 661 497 530 425 641 323 731 600 387 494 528 
555 425 202 758 246 738 345 661 499 530 413 655 323 732 597 387 497 529 
490 493 316 661 290 692 344 660 502 531 413 652 322 735 597 386 495 528 
482 525 444 557 340 622 343 659 502 531 415 652 322 738 597 385 495 528 
453 540 526 500 375 577 343 659 504 530 417 651 323 739 596 384 495 528 
415 549 532 498 385 576 343 659 504 530 419 650 323 740 596 382 495 528 
401 558 540 495 390 576 343 660 504 530 420 649 323 740 596 384 497 528 
404 551 542 498 388 578 343 660 504 531 423 645 323 739 597 382 497 528 
476 502 540 511 388 583 343 660 504 530 425 642 323 738 599 382 497 528 
577 400 536 526 387 586 343 660 504 530 426 641 323 738 599 382 496 528 
680 302 533 535 386 590 343 660 504 530 426 641 323 738 599 382 495 528 
753 224 525 548 378 608 343 660 504 530 426 642 323 738 597 382 495 528 
769 219 500 566 363 621 343 660 504 530 425 642 323 738 597 382 495 528 
789 218 449 617 308 681 343 660 504 530 425 642 323 738 597 382 495 528 
813 215 393 671 261 735 343 660 504 530 425 642 323 738 597 382 495 528 
830 210 346 724 226 767 343 660 504 530 425 643 323 739 597 382 495 528 
839 207 316 762 200 774 344 660 504 530 425 643 323 738 597 382 496 528 
847 210 306 760 189 771 346 660 504 530 425 644 323 739 596 382 495 528 
867 315 301 765 186 770 350 660 504 530 423 646 323 739 596 382 496 528 
880 478 295 772 186 770 350 660 504 530 423 646 323 739 596 382 496 528 
880 536 293 769 186 770 350 660 504 530 425 646 323 739 596 382 496 528 
874 533 294 816 186 784 350 660 504 530 425 646 323 739 596 382 495 528 
871 533 294 888 182 815 349 660 504 530 425 646 323 739 596 382 495 528 
866 526 297 870 183 803 350 661 502 530 425 647 323 739 596 382 495 528 
816 476 309 817 195 777 350 661 501 530 425 647 324 739 596 382 495 528 
702 372 328 775 207 769 351 661 501 530 425 647 324 739 596 382 495 528 
561 247 330 763 220 771 351 660 501 530 425 647 324 739 596 382 496 528 
498 204 330 768 222 773 351 660 501 530 425 646 324 739 596 382 495 528 
479 211 281 778 163 781 350 659 502 530 425 646 324 739 596 382 495 528 
460 213 238 786 160 787 349 659 502 530 425 646 324 739 596 383 496 528 
486 247 255 785 175 777 349 660 502 531 425 645 324 735 596 386 496 528 
589 373 294 762 193 756 349 660 504 531 426 639 324 732 597 391 497 528 
690 418 306 757 203 744 349 660 502 531 428 624 324 721 598 399 497 524 
765 325 304 767 213 748 348 660 504 530 428 610 324 708 598 411 497 523 
826 200 299 790 216 752 348 660 504 530 428 603 324 700 597 417 497 523 
847 169 278 799 216 747 346 660 502 530 425 604 324 696 596 421 498 524 
816 202 256 803 223 746 349 659 504 530 419 609 324 695 596 422 500 524 
727 299 249 803 230 745 350 659 504 530 411 615 323 689 596 430 504 524 
602 418 242 805 230 745 351 659 504 529 406 615 323 683 596 436 505 524 
498 527 245 796 240 740 351 659 504 529 404 613 319 679 600 439 508 524 
435 587 352 689 295 691 349 658 506 530 405 611 315 678 601 440 509 524 
370 630 449 590 363 627 348 656 506 530 411 606 316 678 600 440 508 524 
333 639 516 509 412 577 345 656 506 530 417 600 318 678 600 439 508 524 
319 649 526 502 419 575 345 656 506 530 418 600 318 678 599 439 508 524 
311 651 529 503 420 576 345 656 506 530 418 599 318 678 600 439 508 524 
313 637 534 503 419 576 345 656 506 530 419 597 318 678 599 439 508 524 
352 573 536 508 419 583 345 658 506 530 423 596 320 678 597 439 508 524 
432 485 536 522 411 608 345 658 506 530 423 595 320 679 597 438 507 524 
512 386 536 537 396 638 345 658 507 530 425 595 320 679 597 438 507 524 
585 261 540 542 393 661 345 658 507 530 425 593 320 679 597 438 507 524 
625 227 547 572 391 718 345 658 507 530 425 593 320 679 597 438 507 524 
651 200 550 624 378 815 345 658 507 530 425 593 320 679 597 438 507 524 
668 180 559 660 368 866 345 658 507 530 425 593 320 679 597 439 507 524 
673 170 567 692 356 866 345 658 507 530 423 593 321 679 597 438 508 524 
656 169 536 695 298 866 348 659 507 530 422 595 321 679 597 439 508 524 
575 168 471 691 239 866 350 660 507 529 422 596 321 678 596 439 509 524 
469 167 422 685 209 866 349 660 507 529 422 596 320 678 596 439 508 524 
448 188 361 696 166 866 348 660 507 529 422 596 321 678 596 439 508 524 
451 209 273 702 160 866 348 660 507 529 423 596 321 678 596 439 508 524 
453 205 257 697 160 866 348 661 507 530 423 596 321 678 596 439 509 524 
447 223 255 699 160 865 349 660 507 530 422 596 321 678 596 439 510 524 
469 343 248 695 160 861 348 659 507 530 422 596 321 678 596 439 509 524 
543 481 251 691 163 854 346 659 507 530 422 596 321 678 596 439 509 524 
630 594 280 695 185 854 346 659 507 530 422 596 321 678 596 439 509 524 
